0.0005000 1.0005003 0.0000000
0.0010000 1.0010010 0.0000000
0.0015000 1.0015023 0.0000000
0.0020000 1.0020040 0.0000000
0.0025000 1.0025063 0.0000000
0.0030000 1.0030090 0.0000000
0.0035000 1.0035123 0.0000000
0.0040000 1.0040161 0.0000000
0.0045000 1.0045203 0.0000000
0.0050000 1.0050251 0.0000000
0.0055000 1.0055304 0.0000000
0.0060000 1.0060362 0.0000000
0.0065000 1.0065425 0.0000000
0.0070000 1.0070493 0.0000000
0.0075000 1.0075567 0.0000000
0.0080000 1.0080645 0.0000000
0.0085000 1.0085729 0.0000000
0.0090000 1.0090817 0.0000000
0.0095000 1.0095911 0.0000000
0.0100000 1.0101010 0.0000000
0.0105000 1.0106114 0.0000000
0.0110000 1.0111223 0.0000000
0.0115000 1.0116338 0.0000000
0.0120000 1.0121457 0.0000000
0.0125000 1.0126582 0.0000000
0.0130000 1.0131712 0.0000000
0.0135000 1.0136847 0.0000000
0.0140000 1.0141988 0.0000000
0.0145000 1.0147133 0.0000000
0.0150000 1.0152284 0.0000000
0.0155000 1.0157440 0.0000000
0.0160000 1.0162602 0.0000000
0.0165000 1.0167768 0.0000000
0.0170000 1.0172940 0.0000000
0.0175000 1.0178117 0.0000000
0.0180000 1.0183299 0.0000000
0.0185000 1.0188487 0.0000000
0.0190000 1.0193680 0.0000000
0.0195000 1.0198878 0.0000000
0.0200000 1.0204082 0.0000000
0.0205000 1.0209290 0.0000000
0.0210000 1.0214505 0.0000000
0.0215000 1.0219724 0.0000000
0.0220000 1.0224949 0.0000000
0.0225000 1.0230179 0.0000000
0.0230000 1.0235415 0.0000000
0.0235000 1.0240655 0.0000000
0.0240000 1.0245902 0.0000000
0.0245000 1.0251153 0.0000000
0.0250000 1.0256410 0.0000000
0.0255000 1.0261673 0.0000000
0.0260000 1.0266940 0.0000000
0.0265000 1.0272214 0.0000000
0.0270000 1.0277492 0.0000000
0.0275000 1.0282776 0.0000000
0.0280000 1.0288066 0.0000000
0.0285000 1.0293361 0.0000000
0.0290000 1.0298661 0.0000000
0.0295000 1.0303967 0.0000000
0.0300000 1.0309278 0.0000000
0.0305000 1.0314595 0.0000000
0.0310000 1.0319917 0.0000000
0.0315000 1.0325245 0.0000000
0.0320000 1.0330578 0.0000000
0.0325000 1.0335917 0.0000000
0.0330000 1.0341262 0.0000000
0.0335000 1.0346611 0.0000000
0.0340000 1.0351967 0.0000000
0.0345000 1.0357328 0.0000000
0.0350000 1.0362694 0.0000000
0.0355000 1.0368066 0.0000000
0.0360000 1.0373444 0.0000000
0.0365000 1.0378827 0.0000000
0.0370000 1.0384216 0.0000000
0.0375000 1.0389610 0.0000000
0.0380000 1.0395010 0.0000000
0.0385000 1.0400416 0.0000000
0.0390000 1.0405827 0.0000000
0.0395000 1.0411244 0.0000000
0.0400000 1.0416667 0.0000000
0.0405000 1.0422095 0.0000000
0.0410000 1.0427529 0.0000000
0.0415000 1.0432968 0.0000000
0.0420000 1.0438413 0.0000000
0.0425000 1.0443864 0.0000000
0.0430000 1.0449321 0.0000000
0.0435000 1.0454783 0.0000000
0.0440000 1.0460251 0.0000000
0.0445000 1.0465725 0.0000000
0.0450000 1.0471204 0.0000000
0.0455000 1.0476689 0.0000000
0.0460000 1.0482180 0.0000000
0.0465000 1.0487677 0.0000000
0.0470000 1.0493179 0.0000000
0.0475000 1.0498688 0.0000000
0.0480000 1.0504202 0.0000000
0.0485000 1.0509721 0.0000000
0.0490000 1.0515247 0.0000000
0.0495000 1.0520778 0.0000000
0.0500000 1.0526316 0.0000000
0.0505000 1.0531859 0.0000000
0.0510000 1.0537408 0.0000000
0.0515000 1.0542962 0.0000000
0.0520000 1.0548523 0.0000000
0.0525000 1.0554090 0.0000000
0.0530000 1.0559662 0.0000000
0.0535000 1.0565240 0.0000000
0.0540000 1.0570824 0.0000000
0.0545000 1.0576415 0.0000000
0.0550000 1.0582011 0.0000000
0.0555000 1.0587612 0.0000000
0.0560000 1.0593220 0.0000000
0.0565000 1.0598834 0.0000000
0.0570000 1.0604454 0.0000000
0.0575000 1.0610079 0.0000000
0.0580000 1.0615711 0.0000000
0.0585000 1.0621349 0.0000000
0.0590000 1.0626992 0.0000000
0.0595000 1.0632642 0.0000000
0.0600000 1.0638298 0.0000000
0.0605000 1.0643959 0.0000000
0.0610000 1.0649627 0.0000000
0.0615000 1.0655301 0.0000000
0.0620000 1.0660981 0.0000000
0.0625000 1.0666667 0.0000000
0.0630000 1.0672358 0.0000000
0.0635000 1.0678056 0.0000000
0.0640000 1.0683761 0.0000000
0.0645000 1.0689471 0.0000000
0.0650000 1.0695187 0.0000000
0.0655000 1.0700909 0.0000000
0.0660000 1.0706638 0.0000000
0.0665000 1.0712373 0.0000000
0.0670000 1.0718114 0.0000000
0.0675000 1.0723860 0.0000000
0.0680000 1.0729614 0.0000000
0.0685000 1.0735373 0.0000000
0.0690000 1.0741138 0.0000000
0.0695000 1.0746910 0.0000000
0.0700000 1.0752688 0.0000000
0.0705000 1.0758472 0.0000000
0.0710000 1.0764263 0.0000000
0.0715000 1.0770059 0.0000000
0.0720000 1.0775862 0.0000000
0.0725000 1.0781671 0.0000000
0.0730000 1.0787486 0.0000000
0.0735000 1.0793308 0.0000000
0.0740000 1.0799136 0.0000000
0.0745000 1.0804970 0.0000000
0.0750000 1.0810811 0.0000000
0.0755000 1.0816658 0.0000000
0.0760000 1.0822511 0.0000000
0.0765000 1.0828370 0.0000000
0.0770000 1.0834236 0.0000000
0.0775000 1.0840108 0.0000000
0.0780000 1.0845987 0.0000000
0.0785000 1.0851872 0.0000000
0.0790000 1.0857763 0.0000000
0.0795000 1.0863661 0.0000000
0.0800000 1.0869565 0.0000000
0.0805000 1.0875476 0.0000000
0.0810000 1.0881393 0.0000000
0.0815000 1.0887316 0.0000000
0.0820000 1.0893246 0.0000000
0.0825000 1.0899182 0.0000000
0.0830000 1.0905125 0.0000000
0.0835000 1.0911075 0.0000000
0.0840000 1.0917030 0.0000000
0.0845000 1.0922993 0.0000000
0.0850000 1.0928962 0.0000000
0.0855000 1.0934937 0.0000000
0.0860000 1.0940919 0.0000000
0.0865000 1.0946907 0.0000000
0.0870000 1.0952902 0.0000000
0.0875000 1.0958904 0.0000000
0.0880000 1.0964912 0.0000000
0.0885000 1.0970927 0.0000000
0.0890000 1.0976948 0.0000000
0.0895000 1.0982976 0.0000000
0.0900000 1.0989011 0.0000000
0.0905000 1.0995052 0.0000000
0.0910000 1.1001100 0.0000000
0.0915000 1.1007154 0.0000000
0.0920000 1.1013216 0.0000000
0.0925000 1.1019284 0.0000000
0.0930000 1.1025358 0.0000000
0.0935000 1.1031439 0.0000000
0.0940000 1.1037527 0.0000000
0.0945000 1.1043622 0.0000000
0.0950000 1.1049724 0.0000000
0.0955000 1.1055832 0.0000000
0.0960000 1.1061947 0.0000000
0.0965000 1.1068068 0.0000000
0.0970000 1.1074197 0.0000000
0.0975000 1.1080332 0.0000000
0.0980000 1.1086474 0.0000000
0.0985000 1.1092623 0.0000000
0.0990000 1.1098779 0.0000000
0.0995000 1.1104942 0.0000000
0.1000000 1.1111111 0.0000000
0.1005000 1.1117287 0.0000000
0.1010000 1.1123470 0.0000000
0.1015000 1.1129660 0.0000000
0.1020000 1.1135857 0.0000000
0.1025000 1.1142061 0.0000000
0.1030000 1.1148272 0.0000000
0.1035000 1.1154490 0.0000000
0.1040000 1.1160714 0.0000000
0.1045000 1.1166946 0.0000000
0.1050000 1.1173184 0.0000000
0.1055000 1.1179430 0.0000000
0.1060000 1.1185682 0.0000000
0.1065000 1.1191942 0.0000000
0.1070000 1.1198208 0.0000000
0.1075000 1.1204482 0.0000000
0.1080000 1.1210762 0.0000000
0.1085000 1.1217050 0.0000000
0.1090000 1.1223344 0.0000000
0.1095000 1.1229646 0.0000000
0.1100000 1.1235955 0.0000000
0.1105000 1.1242271 0.0000000
0.1110000 1.1248594 0.0000000
0.1115000 1.1254924 0.0000000
0.1120000 1.1261261 0.0000000
0.1125000 1.1267605 0.0000000
0.1130000 1.1273957 0.0000000
0.1135000 1.1280316 0.0000000
0.1140000 1.1286682 0.0000000
0.1145000 1.1293055 0.0000000
0.1150000 1.1299435 0.0000000
0.1155000 1.1305822 0.0000000
0.1160000 1.1312217 0.0000000
0.1165000 1.1318619 0.0000000
0.1170000 1.1325028 0.0000000
0.1175000 1.1331445 0.0000000
0.1180000 1.1337868 0.0000000
0.1185000 1.1344299 0.0000000
0.1190000 1.1350738 0.0000000
0.1195000 1.1357183 0.0000000
0.1200000 1.1363636 0.0000000
0.1205000 1.1370096 0.0000000
0.1210000 1.1376564 0.0000000
0.1215000 1.1383039 0.0000000
0.1220000 1.1389521 0.0000000
0.1225000 1.1396011 0.0000000
0.1230000 1.1402508 0.0000000
0.1235000 1.1409013 0.0000000
0.1240000 1.1415525 0.0000000
0.1245000 1.1422044 0.0000000
0.1250000 1.1428571 0.0000000
0.1255000 1.1435106 0.0000000
0.1260000 1.1441647 0.0000000
0.1265000 1.1448197 0.0000000
0.1270000 1.1454753 0.0000000
0.1275000 1.1461318 0.0000000
0.1280000 1.1467890 0.0000000
0.1285000 1.1474469 0.0000000
0.1290000 1.1481056 0.0000000
0.1295000 1.1487651 0.0000000
0.1300000 1.1494253 0.0000000
0.1305000 1.1500862 0.0000000
0.1310000 1.1507480 0.0000000
0.1315000 1.1514105 0.0000000
0.1320000 1.1520737 0.0000000
0.1325000 1.1527377 0.0000000
0.1330000 1.1534025 0.0000000
0.1335000 1.1540681 0.0000000
0.1340000 1.1547344 0.0000000
0.1345000 1.1554015 0.0000000
0.1350000 1.1560693 0.0000000
0.1355000 1.1567380 0.0000000
0.1360000 1.1574074 0.0000000
0.1365000 1.1580776 0.0000000
0.1370000 1.1587485 0.0000000
0.1375000 1.1594203 0.0000000
0.1380000 1.1600928 0.0000000
0.1385000 1.1607661 0.0000000
0.1390000 1.1614402 0.0000000
0.1395000 1.1621150 0.0000000
0.1400000 1.1627907 0.0000000
0.1405000 1.1634671 0.0000000
0.1410000 1.1641443 0.0000000
0.1415000 1.1648223 0.0000000
0.1420000 1.1655011 0.0000000
0.1425000 1.1661807 0.0000000
0.1430000 1.1668611 0.0000000
0.1435000 1.1675423 0.0000000
0.1440000 1.1682243 0.0000000
0.1445000 1.1689070 0.0000000
0.1450000 1.1695906 0.0000000
0.1455000 1.1702750 0.0000000
0.1460000 1.1709602 0.0000000
0.1465000 1.1716461 0.0000000
0.1470000 1.1723329 0.0000000
0.1475000 1.1730205 0.0000000
0.1480000 1.1737089 0.0000000
0.1485000 1.1743981 0.0000000
0.1490000 1.1750881 0.0000000
0.1495000 1.1757789 0.0000000
0.1500000 1.1764706 0.0000000
0.1505000 1.1771630 0.0000000
0.1510000 1.1778563 0.0000000
0.1515000 1.1785504 0.0000000
0.1520000 1.1792453 0.0000000
0.1525000 1.1799410 0.0000000
0.1530000 1.1806375 0.0000000
0.1535000 1.1813349 0.0000000
0.1540000 1.1820331 0.0000000
0.1545000 1.1827321 0.0000000
0.1550000 1.1834319 0.0000000
0.1555000 1.1841326 0.0000000
0.1560000 1.1848341 0.0000000
0.1565000 1.1855364 0.0000000
0.1570000 1.1862396 0.0000000
0.1575000 1.1869436 0.0000000
0.1580000 1.1876484 0.0000000
0.1585000 1.1883541 0.0000000
0.1590000 1.1890606 0.0000000
0.1595000 1.1897680 0.0000000
0.1600000 1.1904762 0.0000000
0.1605000 1.1911852 0.0000000
0.1610000 1.1918951 0.0000000
0.1615000 1.1926058 0.0000000
0.1620000 1.1933174 0.0000000
0.1625000 1.1940298 0.0000000
0.1630000 1.1947431 0.0000000
0.1635000 1.1954572 0.0000000
0.1640000 1.1961722 0.0000000
0.1645000 1.1968881 0.0000000
0.1650000 1.1976048 0.0000000
0.1655000 1.1983223 0.0000000
0.1660000 1.1990407 0.0000000
0.1665000 1.1997600 0.0000000
0.1670000 1.2004802 0.0000000
0.1675000 1.2012012 0.0000000
0.1680000 1.2019230 0.0000000
0.1685000 1.2026458 0.0000000
0.1690000 1.2033694 0.0000000
0.1695000 1.2040939 0.0000000
0.1700000 1.2048192 0.0000000
0.1705000 1.2055455 0.0000000
0.1710000 1.2062726 0.0000000
0.1715000 1.2070006 0.0000000
0.1720000 1.2077294 0.0000000
0.1725000 1.2084592 0.0000000
0.1730000 1.2091898 0.0000000
0.1735000 1.2099213 0.0000000
0.1740000 1.2106537 0.0000000
0.1745000 1.2113870 0.0000000
0.1750000 1.2121212 0.0000000
0.1755000 1.2128562 0.0000000
0.1760000 1.2135922 0.0000000
0.1765000 1.2143290 0.0000000
0.1770000 1.2150668 0.0000000
0.1775000 1.2158054 0.0000000
0.1780000 1.2165450 0.0000000
0.1785000 1.2172854 0.0000000
0.1790000 1.2180268 0.0000000
0.1795000 1.2187690 0.0000000
0.1800000 1.2195122 0.0000000
0.1805000 1.2202562 0.0000000
0.1810000 1.2210012 0.0000000
0.1815000 1.2217471 0.0000000
0.1820000 1.2224938 0.0000000
0.1825000 1.2232415 0.0000000
0.1830000 1.2239902 0.0000000
0.1835000 1.2247397 0.0000000
0.1840000 1.2254902 0.0000000
0.1845000 1.2262415 0.0000000
0.1850000 1.2269938 0.0000000
0.1855000 1.2277470 0.0000000
0.1860000 1.2285012 0.0000000
0.1865000 1.2292563 0.0000000
0.1870000 1.2300123 0.0000000
0.1875000 1.2307692 0.0000000
0.1880000 1.2315270 0.0000000
0.1885000 1.2322858 0.0000000
0.1890000 1.2330456 0.0000000
0.1895000 1.2338062 0.0000000
0.1900000 1.2345679 0.0000000
0.1905000 1.2353304 0.0000000
0.1910000 1.2360939 0.0000000
0.1915000 1.2368583 0.0000000
0.1920000 1.2376237 0.0000000
0.1925000 1.2383900 0.0000000
0.1930000 1.2391573 0.0000000
0.1935000 1.2399256 0.0000000
0.1940000 1.2406947 0.0000000
0.1945000 1.2414649 0.0000000
0.1950000 1.2422360 0.0000000
0.1955000 1.2430080 0.0000000
0.1960000 1.2437810 0.0000000
0.1965000 1.2445550 0.0000000
0.1970000 1.2453300 0.0000000
0.1975000 1.2461059 0.0000000
0.1980000 1.2468827 0.0000000
0.1985000 1.2476606 0.0000000
0.1990000 1.2484394 0.0000000
0.1995000 1.2492192 0.0000000
0.2000000 1.2500000 0.0000000
0.2005000 1.2507817 0.0000000
0.2010000 1.2515644 0.0000000
0.2015000 1.2523481 0.0000000
0.2020000 1.2531328 0.0000000
0.2025000 1.2539184 0.0000000
0.2030000 1.2547051 0.0000001
0.2035000 1.2554927 0.0000001
0.2040000 1.2562814 0.0000001
0.2045000 1.2570710 0.0000001
0.2050000 1.2578616 0.0000001
0.2055000 1.2586532 0.0000001
0.2060000 1.2594458 0.0000001
0.2065000 1.2602394 0.0000001
0.2070000 1.2610340 0.0000001
0.2075000 1.2618296 0.0000001
0.2080000 1.2626262 0.0000001
0.2085000 1.2634238 0.0000001
0.2090000 1.2642225 0.0000001
0.2095000 1.2650221 0.0000001
0.2100000 1.2658227 0.0000001
0.2105000 1.2666244 0.0000001
0.2110000 1.2674271 0.0000001
0.2115000 1.2682308 0.0000001
0.2120000 1.2690355 0.0000001
0.2125000 1.2698412 0.0000001
0.2130000 1.2706480 0.0000001
0.2135000 1.2714558 0.0000001
0.2140000 1.2722646 0.0000001
0.2145000 1.2730744 0.0000001
0.2150000 1.2738853 0.0000001
0.2155000 1.2746972 0.0000001
0.2160000 1.2755101 0.0000001
0.2165000 1.2763241 0.0000001
0.2170000 1.2771392 0.0000001
0.2175000 1.2779552 0.0000001
0.2180000 1.2787723 0.0000001
0.2185000 1.2795905 0.0000001
0.2190000 1.2804097 0.0000001
0.2195000 1.2812299 0.0000001
0.2200000 1.2820512 0.0000001
0.2205000 1.2828736 0.0000001
0.2210000 1.2836970 0.0000001
0.2215000 1.2845215 0.0000001
0.2220000 1.2853470 0.0000001
0.2225000 1.2861736 0.0000001
0.2230000 1.2870012 0.0000001
0.2235000 1.2878299 0.0000001
0.2240000 1.2886597 0.0000001
0.2245000 1.2894906 0.0000001
0.2250000 1.2903225 0.0000001
0.2255000 1.2911555 0.0000001
0.2260000 1.2919896 0.0000001
0.2265000 1.2928248 0.0000001
0.2270000 1.2936610 0.0000001
0.2275000 1.2944983 0.0000001
0.2280000 1.2953367 0.0000001
0.2285000 1.2961762 0.0000001
0.2290000 1.2970168 0.0000001
0.2295000 1.2978585 0.0000001
0.2300000 1.2987012 0.0000001
0.2305000 1.2995451 0.0000001
0.2310000 1.3003901 0.0000001
0.2315000 1.3012361 0.0000001
0.2320000 1.3020833 0.0000001
0.2325000 1.3029315 0.0000001
0.2330000 1.3037809 0.0000001
0.2335000 1.3046314 0.0000001
0.2340000 1.3054830 0.0000001
0.2345000 1.3063357 0.0000001
0.2350000 1.3071895 0.0000001
0.2355000 1.3080444 0.0000001
0.2360000 1.3089005 0.0000001
0.2365000 1.3097576 0.0000001
0.2370000 1.3106159 0.0000001
0.2375000 1.3114753 0.0000001
0.2380000 1.3123359 0.0000001
0.2385000 1.3131976 0.0000001
0.2390000 1.3140604 0.0000001
0.2395000 1.3149243 0.0000001
0.2400000 1.3157894 0.0000001
0.2405000 1.3166556 0.0000001
0.2410000 1.3175230 0.0000001
0.2415000 1.3183915 0.0000001
0.2420000 1.3192611 0.0000001
0.2425000 1.3201319 0.0000001
0.2430000 1.3210039 0.0000001
0.2435000 1.3218770 0.0000001
0.2440000 1.3227513 0.0000001
0.2445000 1.3236267 0.0000001
0.2450000 1.3245032 0.0000001
0.2455000 1.3253810 0.0000001
0.2460000 1.3262599 0.0000001
0.2465000 1.3271399 0.0000001
0.2470000 1.3280212 0.0000001
0.2475000 1.3289036 0.0000001
0.2480000 1.3297872 0.0000001
0.2485000 1.3306719 0.0000001
0.2490000 1.3315578 0.0000001
0.2495000 1.3324450 0.0000001
0.2500000 1.3333333 0.0000001
0.2505000 1.3342227 0.0000001
0.2510000 1.3351134 0.0000001
0.2515000 1.3360053 0.0000001
0.2520000 1.3368983 0.0000001
0.2525000 1.3377926 0.0000001
0.2530000 1.3386880 0.0000001
0.2535000 1.3395847 0.0000001
0.2540000 1.3404825 0.0000001
0.2545000 1.3413815 0.0000001
0.2550000 1.3422818 0.0000001
0.2555000 1.3431833 0.0000001
0.2560000 1.3440859 0.0000001
0.2565000 1.3449898 0.0000001
0.2570000 1.3458949 0.0000001
0.2575000 1.3468013 0.0000001
0.2580000 1.3477088 0.0000001
0.2585000 1.3486176 0.0000001
0.2590000 1.3495276 0.0000001
0.2595000 1.3504388 0.0000001
0.2600000 1.3513513 0.0000001
0.2605000 1.3522650 0.0000001
0.2610000 1.3531799 0.0000001
0.2615000 1.3540961 0.0000001
0.2620000 1.3550135 0.0000001
0.2625000 1.3559321 0.0000001
0.2630000 1.3568520 0.0000001
0.2635000 1.3577732 0.0000001
0.2640000 1.3586956 0.0000001
0.2645000 1.3596192 0.0000001
0.2650000 1.3605441 0.0000001
0.2655000 1.3614703 0.0000001
0.2660000 1.3623977 0.0000001
0.2665000 1.3633264 0.0000001
0.2670000 1.3642564 0.0000001
0.2675000 1.3651876 0.0000001
0.2680000 1.3661201 0.0000001
0.2685000 1.3670539 0.0000001
0.2690000 1.3679890 0.0000001
0.2695000 1.3689253 0.0000001
0.2700000 1.3698629 0.0000001
0.2705000 1.3708018 0.0000001
0.2710000 1.3717420 0.0000001
0.2715000 1.3726835 0.0000001
0.2720000 1.3736263 0.0000001
0.2725000 1.3745704 0.0000001
0.2730000 1.3755157 0.0000001
0.2735000 1.3764624 0.0000001
0.2740000 1.3774104 0.0000001
0.2745000 1.3783597 0.0000001
0.2750000 1.3793103 0.0000001
0.2755000 1.3802622 0.0000001
0.2760000 1.3812154 0.0000001
0.2765000 1.3821699 0.0000001
0.2770000 1.3831258 0.0000001
0.2775000 1.3840830 0.0000001
0.2780000 1.3850415 0.0000001
0.2785000 1.3860013 0.0000001
0.2790000 1.3869625 0.0000001
0.2795000 1.3879250 0.0000001
0.2800000 1.3888888 0.0000001
0.2805000 1.3898540 0.0000001
0.2810000 1.3908205 0.0000001
0.2815000 1.3917884 0.0000001
0.2820000 1.3927576 0.0000001
0.2825000 1.3937281 0.0000001
0.2830000 1.3947000 0.0000001
0.2835000 1.3956733 0.0000001
0.2840000 1.3966479 0.0000001
0.2845000 1.3976239 0.0000001
0.2850000 1.3986013 0.0000001
0.2855000 1.3995800 0.0000001
0.2860000 1.4005601 0.0000001
0.2865000 1.4015416 0.0000001
0.2870000 1.4025244 0.0000001
0.2875000 1.4035087 0.0000001
0.2880000 1.4044943 0.0000001
0.2885000 1.4054813 0.0000001
0.2890000 1.4064697 0.0000001
0.2895000 1.4074594 0.0000001
0.2900000 1.4084506 0.0000001
0.2905000 1.4094432 0.0000001
0.2910000 1.4104371 0.0000001
0.2915000 1.4114325 0.0000001
0.2920000 1.4124293 0.0000001
0.2925000 1.4134275 0.0000001
0.2930000 1.4144271 0.0000001
0.2935000 1.4154281 0.0000001
0.2940000 1.4164305 0.0000001
0.2945000 1.4174343 0.0000001
0.2950000 1.4184396 0.0000001
0.2955000 1.4194463 0.0000001
0.2960000 1.4204544 0.0000001
0.2965000 1.4214640 0.0000001
0.2970000 1.4224750 0.0000001
0.2975000 1.4234874 0.0000001
0.2980000 1.4245013 0.0000001
0.2985000 1.4255166 0.0000001
0.2990000 1.4265334 0.0000001
0.2995000 1.4275516 0.0000001
0.3000000 1.4285713 0.0000001
0.3005000 1.4295925 0.0000001
0.3010000 1.4306151 0.0000001
0.3015000 1.4316391 0.0000001
0.3020000 1.4326646 0.0000001
0.3025000 1.4336916 0.0000001
0.3030000 1.4347201 0.0000001
0.3035000 1.4357501 0.0000001
0.3040000 1.4367815 0.0000001
0.3045000 1.4378144 0.0000001
0.3050000 1.4388488 0.0000001
0.3055000 1.4398847 0.0000001
0.3060000 1.4409221 0.0000001
0.3065000 1.4419610 0.0000001
0.3070000 1.4430013 0.0000001
0.3075000 1.4440432 0.0000001
0.3080000 1.4450866 0.0000001
0.3085000 1.4461315 0.0000001
0.3090000 1.4471779 0.0000001
0.3095000 1.4482258 0.0000001
0.3100000 1.4492752 0.0000001
0.3105000 1.4503262 0.0000001
0.3110000 1.4513787 0.0000001
0.3115000 1.4524327 0.0000001
0.3120000 1.4534883 0.0000001
0.3125000 1.4545453 0.0000001
0.3130000 1.4556040 0.0000001
0.3135000 1.4566641 0.0000001
0.3140000 1.4577258 0.0000001
0.3145000 1.4587891 0.0000001
0.3150000 1.4598539 0.0000001
0.3155000 1.4609203 0.0000001
0.3160000 1.4619882 0.0000001
0.3165000 1.4630577 0.0000001
0.3170000 1.4641287 0.0000001
0.3175000 1.4652013 0.0000001
0.3180000 1.4662755 0.0000001
0.3185000 1.4673513 0.0000001
0.3190000 1.4684287 0.0000001
0.3195000 1.4695076 0.0000001
0.3200000 1.4705881 0.0000001
0.3205000 1.4716702 0.0000001
0.3210000 1.4727539 0.0000001
0.3215000 1.4738392 0.0000001
0.3220000 1.4749261 0.0000001
0.3225000 1.4760146 0.0000001
0.3230000 1.4771047 0.0000001
0.3235000 1.4781965 0.0000001
0.3240000 1.4792898 0.0000001
0.3245000 1.4803848 0.0000001
0.3250000 1.4814813 0.0000001
0.3255000 1.4825796 0.0000001
0.3260000 1.4836794 0.0000001
0.3265000 1.4847809 0.0000001
0.3270000 1.4858840 0.0000001
0.3275000 1.4869887 0.0000001
0.3280000 1.4880951 0.0000001
0.3285000 1.4892031 0.0000001
0.3290000 1.4903128 0.0000001
0.3295000 1.4914242 0.0000001
0.3300000 1.4925372 0.0000001
0.3305000 1.4936518 0.0000001
0.3310000 1.4947682 0.0000001
0.3315000 1.4958862 0.0000001
0.3320000 1.4970058 0.0000001
0.3325000 1.4981272 0.0000001
0.3330000 1.4992502 0.0000001
0.3335000 1.5003750 0.0000001
0.3340000 1.5015014 0.0000001
0.3345000 1.5026295 0.0000001
0.3350000 1.5037593 0.0000001
0.3355000 1.5048908 0.0000001
0.3360000 1.5060240 0.0000001
0.3365000 1.5071589 0.0000001
0.3370000 1.5082955 0.0000001
0.3375000 1.5094338 0.0000001
0.3380000 1.5105739 0.0000001
0.3385000 1.5117157 0.0000001
0.3390000 1.5128592 0.0000001
0.3395000 1.5140044 0.0000001
0.3400000 1.5151514 0.0000001
0.3405000 1.5163001 0.0000001
0.3410000 1.5174505 0.0000001
0.3415000 1.5186027 0.0000001
0.3420000 1.5197567 0.0000001
0.3425000 1.5209124 0.0000002
0.3430000 1.5220699 0.0000002
0.3435000 1.5232291 0.0000002
0.3440000 1.5243901 0.0000002
0.3445000 1.5255529 0.0000002
0.3450000 1.5267174 0.0000002
0.3455000 1.5278837 0.0000002
0.3460000 1.5290518 0.0000002
0.3465000 1.5302217 0.0000002
0.3470000 1.5313934 0.0000002
0.3475000 1.5325669 0.0000002
0.3480000 1.5337422 0.0000002
0.3485000 1.5349193 0.0000002
0.3490000 1.5360982 0.0000002
0.3495000 1.5372789 0.0000002
0.3500000 1.5384614 0.0000002
0.3505000 1.5396457 0.0000002
0.3510000 1.5408319 0.0000002
0.3515000 1.5420199 0.0000002
0.3520000 1.5432097 0.0000002
0.3525000 1.5444014 0.0000002
0.3530000 1.5455949 0.0000002
0.3535000 1.5467902 0.0000002
0.3540000 1.5479875 0.0000002
0.3545000 1.5491865 0.0000002
0.3550000 1.5503874 0.0000002
0.3555000 1.5515902 0.0000002
0.3560000 1.5527949 0.0000002
0.3565000 1.5540014 0.0000002
0.3570000 1.5552098 0.0000002
0.3575000 1.5564201 0.0000002
0.3580000 1.5576322 0.0000002
0.3585000 1.5588463 0.0000002
0.3590000 1.5600622 0.0000002
0.3595000 1.5612801 0.0000002
0.3600000 1.5624998 0.0000002
0.3605000 1.5637215 0.0000002
0.3610000 1.5649451 0.0000002
0.3615000 1.5661705 0.0000002
0.3620000 1.5673979 0.0000002
0.3625000 1.5686273 0.0000002
0.3630000 1.5698585 0.0000002
0.3635000 1.5710917 0.0000002
0.3640000 1.5723269 0.0000002
0.3645000 1.5735639 0.0000002
0.3650000 1.5748030 0.0000002
0.3655000 1.5760440 0.0000002
0.3660000 1.5772869 0.0000002
0.3665000 1.5785318 0.0000002
0.3670000 1.5797787 0.0000002
0.3675000 1.5810275 0.0000002
0.3680000 1.5822783 0.0000002
0.3685000 1.5835311 0.0000002
0.3690000 1.5847859 0.0000002
0.3695000 1.5860426 0.0000002
0.3700000 1.5873014 0.0000002
0.3705000 1.5885622 0.0000002
0.3710000 1.5898249 0.0000002
0.3715000 1.5910897 0.0000002
0.3720000 1.5923565 0.0000002
0.3725000 1.5936253 0.0000002
0.3730000 1.5948961 0.0000002
0.3735000 1.5961690 0.0000002
0.3740000 1.5974439 0.0000002
0.3745000 1.5987208 0.0000002
0.3750000 1.5999998 0.0000002
0.3755000 1.6012808 0.0000002
0.3760000 1.6025639 0.0000002
0.3765000 1.6038490 0.0000002
0.3770000 1.6051362 0.0000002
0.3775000 1.6064255 0.0000002
0.3780000 1.6077168 0.0000002
0.3785000 1.6090103 0.0000002
0.3790000 1.6103058 0.0000002
0.3795000 1.6116033 0.0000002
0.3800000 1.6129030 0.0000002
0.3805000 1.6142048 0.0000002
0.3810000 1.6155087 0.0000002
0.3815000 1.6168147 0.0000002
0.3820000 1.6181228 0.0000002
0.3825000 1.6194330 0.0000002
0.3830000 1.6207453 0.0000002
0.3835000 1.6220598 0.0000002
0.3840000 1.6233764 0.0000002
0.3845000 1.6246952 0.0000002
0.3850000 1.6260161 0.0000002
0.3855000 1.6273391 0.0000002
0.3860000 1.6286643 0.0000002
0.3865000 1.6299916 0.0000002
0.3870000 1.6313212 0.0000002
0.3875000 1.6326529 0.0000002
0.3880000 1.6339867 0.0000002
0.3885000 1.6353228 0.0000002
0.3890000 1.6366610 0.0000002
0.3895000 1.6380014 0.0000002
0.3900000 1.6393440 0.0000002
0.3905000 1.6406889 0.0000002
0.3910000 1.6420359 0.0000002
0.3915000 1.6433852 0.0000002
0.3920000 1.6447366 0.0000002
0.3925000 1.6460903 0.0000002
0.3930000 1.6474462 0.0000002
0.3935000 1.6488044 0.0000002
0.3940000 1.6501648 0.0000002
0.3945000 1.6515274 0.0000002
0.3950000 1.6528923 0.0000002
0.3955000 1.6542595 0.0000002
0.3960000 1.6556289 0.0000002
0.3965000 1.6570006 0.0000002
0.3970000 1.6583746 0.0000002
0.3975000 1.6597508 0.0000002
0.3980000 1.6611293 0.0000002
0.3985000 1.6625102 0.0000002
0.3990000 1.6638933 0.0000002
0.3995000 1.6652787 0.0000002
0.4000000 1.6666664 0.0000002
0.4005000 1.6680565 0.0000002
0.4010000 1.6694488 0.0000002
0.4015000 1.6708435 0.0000002
0.4020000 1.6722406 0.0000002
0.4025000 1.6736399 0.0000002
0.4030000 1.6750416 0.0000002
0.4035000 1.6764457 0.0000002
0.4040000 1.6778521 0.0000002
0.4045000 1.6792609 0.0000002
0.4050000 1.6806720 0.0000002
0.4055000 1.6820855 0.0000002
0.4060000 1.6835014 0.0000002
0.4065000 1.6849197 0.0000002
0.4070000 1.6863404 0.0000002
0.4075000 1.6877635 0.0000002
0.4080000 1.6891889 0.0000002
0.4085000 1.6906168 0.0000002
0.4090000 1.6920471 0.0000002
0.4095000 1.6934799 0.0000002
0.4100000 1.6949150 0.0000002
0.4105000 1.6963526 0.0000003
0.4110000 1.6977926 0.0000003
0.4115000 1.6992351 0.0000003
0.4120000 1.7006800 0.0000003
0.4125000 1.7021274 0.0000003
0.4130000 1.7035773 0.0000003
0.4135000 1.7050296 0.0000003
0.4140000 1.7064844 0.0000003
0.4145000 1.7079417 0.0000003
0.4150000 1.7094015 0.0000003
0.4155000 1.7108637 0.0000003
0.4160000 1.7123285 0.0000003
0.4165000 1.7137958 0.0000003
0.4170000 1.7152656 0.0000003
0.4175000 1.7167379 0.0000003
0.4180000 1.7182128 0.0000003
0.4185000 1.7196902 0.0000003
0.4190000 1.7211701 0.0000003
0.4195000 1.7226526 0.0000003
0.4200000 1.7241377 0.0000003
0.4205000 1.7256253 0.0000003
0.4210000 1.7271154 0.0000003
0.4215000 1.7286082 0.0000003
0.4220000 1.7301035 0.0000003
0.4225000 1.7316015 0.0000003
0.4230000 1.7331020 0.0000003
0.4235000 1.7346051 0.0000003
0.4240000 1.7361108 0.0000003
0.4245000 1.7376192 0.0000003
0.4250000 1.7391302 0.0000003
0.4255000 1.7406438 0.0000003
0.4260000 1.7421600 0.0000003
0.4265000 1.7436789 0.0000003
0.4270000 1.7452004 0.0000003
0.4275000 1.7467246 0.0000003
0.4280000 1.7482515 0.0000003
0.4285000 1.7497810 0.0000003
0.4290000 1.7513132 0.0000003
0.4295000 1.7528481 0.0000003
0.4300000 1.7543857 0.0000003
0.4305000 1.7559260 0.0000003
0.4310000 1.7574690 0.0000003
0.4315000 1.7590147 0.0000003
0.4320000 1.7605631 0.0000003
0.4325000 1.7621142 0.0000003
0.4330000 1.7636681 0.0000003
0.4335000 1.7652248 0.0000003
0.4340000 1.7667842 0.0000003
0.4345000 1.7683463 0.0000003
0.4350000 1.7699112 0.0000003
0.4355000 1.7714789 0.0000003
0.4360000 1.7730493 0.0000003
0.4365000 1.7746226 0.0000003
0.4370000 1.7761986 0.0000003
0.4375000 1.7777775 0.0000003
0.4380000 1.7793591 0.0000003
0.4385000 1.7809436 0.0000003
0.4390000 1.7825309 0.0000003
0.4395000 1.7841210 0.0000003
0.4400000 1.7857140 0.0000003
0.4405000 1.7873098 0.0000003
0.4410000 1.7889085 0.0000003
0.4415000 1.7905100 0.0000003
0.4420000 1.7921144 0.0000003
0.4425000 1.7937217 0.0000003
0.4430000 1.7953318 0.0000003
0.4435000 1.7969449 0.0000003
0.4440000 1.7985608 0.0000003
0.4445000 1.8001797 0.0000003
0.4450000 1.8018015 0.0000003
0.4455000 1.8034262 0.0000003
0.4460000 1.8050538 0.0000003
0.4465000 1.8066844 0.0000003
0.4470000 1.8083179 0.0000003
0.4475000 1.8099544 0.0000003
0.4480000 1.8115939 0.0000003
0.4485000 1.8132363 0.0000003
0.4490000 1.8148817 0.0000003
0.4495000 1.8165301 0.0000003
0.4500000 1.8181815 0.0000003
0.4505000 1.8198359 0.0000003
0.4510000 1.8214933 0.0000003
0.4515000 1.8231537 0.0000003
0.4520000 1.8248172 0.0000003
0.4525000 1.8264837 0.0000003
0.4530000 1.8281532 0.0000003
0.4535000 1.8298258 0.0000003
0.4540000 1.8315015 0.0000003
0.4545000 1.8331802 0.0000003
0.4550000 1.8348620 0.0000004
0.4555000 1.8365469 0.0000004
0.4560000 1.8382349 0.0000004
0.4565000 1.8399260 0.0000004
0.4570000 1.8416203 0.0000004
0.4575000 1.8433176 0.0000004
0.4580000 1.8450181 0.0000004
0.4585000 1.8467217 0.0000004
0.4590000 1.8484285 0.0000004
0.4595000 1.8501384 0.0000004
0.4600000 1.8518515 0.0000004
0.4605000 1.8535678 0.0000004
0.4610000 1.8552872 0.0000004
0.4615000 1.8570098 0.0000004
0.4620000 1.8587357 0.0000004
0.4625000 1.8604647 0.0000004
0.4630000 1.8621970 0.0000004
0.4635000 1.8639325 0.0000004
0.4640000 1.8656713 0.0000004
0.4645000 1.8674133 0.0000004
0.4650000 1.8691585 0.0000004
0.4655000 1.8709070 0.0000004
0.4660000 1.8726588 0.0000004
0.4665000 1.8744139 0.0000004
0.4670000 1.8761722 0.0000004
0.4675000 1.8779339 0.0000004
0.4680000 1.8796989 0.0000004
0.4685000 1.8814672 0.0000004
0.4690000 1.8832388 0.0000004
0.4695000 1.8850137 0.0000004
0.4700000 1.8867921 0.0000004
0.4705000 1.8885737 0.0000004
0.4710000 1.8903588 0.0000004
0.4715000 1.8921472 0.0000004
0.4720000 1.8939390 0.0000004
0.4725000 1.8957342 0.0000004
0.4730000 1.8975328 0.0000004
0.4735000 1.8993348 0.0000004
0.4740000 1.9011403 0.0000004
0.4745000 1.9029492 0.0000004
0.4750000 1.9047615 0.0000004
0.4755000 1.9065773 0.0000004
0.4760000 1.9083965 0.0000004
0.4765000 1.9102193 0.0000004
0.4770000 1.9120455 0.0000004
0.4775000 1.9138752 0.0000004
0.4780000 1.9157084 0.0000004
0.4785000 1.9175451 0.0000004
0.4790000 1.9193854 0.0000004
0.4795000 1.9212292 0.0000004
0.4800000 1.9230765 0.0000004
0.4805000 1.9249274 0.0000004
0.4810000 1.9267818 0.0000004
0.4815000 1.9286399 0.0000004
0.4820000 1.9305015 0.0000004
0.4825000 1.9323667 0.0000004
0.4830000 1.9342355 0.0000004
0.4835000 1.9361080 0.0000004
0.4840000 1.9379841 0.0000004
0.4845000 1.9398638 0.0000004
0.4850000 1.9417471 0.0000004
0.4855000 1.9436342 0.0000004
0.4860000 1.9455248 0.0000004
0.4865000 1.9474192 0.0000004
0.4870000 1.9493173 0.0000005
0.4875000 1.9512191 0.0000005
0.4880000 1.9531245 0.0000005
0.4885000 1.9550338 0.0000005
0.4890000 1.9569467 0.0000005
0.4895000 1.9588634 0.0000005
0.4900000 1.9607839 0.0000005
0.4905000 1.9627081 0.0000005
0.4910000 1.9646361 0.0000005
0.4915000 1.9665679 0.0000005
0.4920000 1.9685035 0.0000005
0.4925000 1.9704429 0.0000005
0.4930000 1.9723861 0.0000005
0.4935000 1.9743332 0.0000005
0.4940000 1.9762841 0.0000005
0.4945000 1.9782389 0.0000005
0.4950000 1.9801975 0.0000005
0.4955000 1.9821601 0.0000005
0.4960000 1.9841265 0.0000005
0.4965000 1.9860968 0.0000005
0.4970000 1.9880711 0.0000005
0.4975000 1.9900493 0.0000005
0.4980000 1.9920314 0.0000005
0.4985000 1.9940175 0.0000005
0.4990000 1.9960075 0.0000005
0.4995000 1.9980015 0.0000005
0.5000000 1.9999995 0.0000005
0.5005000 2.0020015 0.0000005
0.5010000 2.0040075 0.0000005
0.5015000 2.0060175 0.0000005
0.5020000 2.0080316 0.0000005
0.5025000 2.0100497 0.0000005
0.5030000 2.0120719 0.0000005
0.5035000 2.0140982 0.0000005
0.5040000 2.0161285 0.0000005
0.5045000 2.0181630 0.0000005
0.5050000 2.0202015 0.0000005
0.5055000 2.0222442 0.0000005
0.5060000 2.0242910 0.0000005
0.5065000 2.0263419 0.0000005
0.5070000 2.0283970 0.0000005
0.5075000 2.0304563 0.0000005
0.5080000 2.0325198 0.0000005
0.5085000 2.0345875 0.0000005
0.5090000 2.0366593 0.0000005
0.5095000 2.0387354 0.0000005
0.5100000 2.0408158 0.0000005
0.5105000 2.0429004 0.0000005
0.5110000 2.0449892 0.0000005
0.5115000 2.0470824 0.0000005
0.5120000 2.0491798 0.0000006
0.5125000 2.0512815 0.0000006
0.5130000 2.0533875 0.0000006
0.5135000 2.0554979 0.0000006
0.5140000 2.0576126 0.0000006
0.5145000 2.0597317 0.0000006
0.5150000 2.0618551 0.0000006
0.5155000 2.0639829 0.0000006
0.5160000 2.0661151 0.0000006
0.5165000 2.0682518 0.0000006
0.5170000 2.0703928 0.0000006
0.5175000 2.0725383 0.0000006
0.5180000 2.0746882 0.0000006
0.5185000 2.0768426 0.0000006
0.5190000 2.0790015 0.0000006
0.5195000 2.0811649 0.0000006
0.5200000 2.0833327 0.0000006
0.5205000 2.0855051 0.0000006
0.5210000 2.0876821 0.0000006
0.5215000 2.0898636 0.0000006
0.5220000 2.0920496 0.0000006
0.5225000 2.0942402 0.0000006
0.5230000 2.0964355 0.0000006
0.5235000 2.0986353 0.0000006
0.5240000 2.1008397 0.0000006
0.5245000 2.1030488 0.0000006
0.5250000 2.1052625 0.0000006
0.5255000 2.1074809 0.0000006
0.5260000 2.1097040 0.0000006
0.5265000 2.1119318 0.0000006
0.5270000 2.1141643 0.0000006
0.5275000 2.1164015 0.0000006
0.5280000 2.1186434 0.0000006
0.5285000 2.1208901 0.0000006
0.5290000 2.1231416 0.0000006
0.5295000 2.1253979 0.0000006
0.5300000 2.1276589 0.0000006
0.5305000 2.1299248 0.0000006
0.5310000 2.1321955 0.0000006
0.5315000 2.1344711 0.0000006
0.5320000 2.1367515 0.0000006
0.5325000 2.1390368 0.0000007
0.5330000 2.1413270 0.0000007
0.5335000 2.1436221 0.0000007
0.5340000 2.1459221 0.0000007
0.5345000 2.1482271 0.0000007
0.5350000 2.1505370 0.0000007
0.5355000 2.1528519 0.0000007
0.5360000 2.1551717 0.0000007
0.5365000 2.1574966 0.0000007
0.5370000 2.1598265 0.0000007
0.5375000 2.1621615 0.0000007
0.5380000 2.1645015 0.0000007
0.5385000 2.1668466 0.0000007
0.5390000 2.1691967 0.0000007
0.5395000 2.1715520 0.0000007
0.5400000 2.1739124 0.0000007
0.5405000 2.1762779 0.0000007
0.5410000 2.1786485 0.0000007
0.5415000 2.1810244 0.0000007
0.5420000 2.1834054 0.0000007
0.5425000 2.1857916 0.0000007
0.5430000 2.1881831 0.0000007
0.5435000 2.1905798 0.0000007
0.5440000 2.1929817 0.0000007
0.5445000 2.1953890 0.0000007
0.5450000 2.1978015 0.0000007
0.5455000 2.2002193 0.0000007
0.5460000 2.2026424 0.0000007
0.5465000 2.2050709 0.0000007
0.5470000 2.2075048 0.0000007
0.5475000 2.2099440 0.0000007
0.5480000 2.2123886 0.0000007
0.5485000 2.2148387 0.0000007
0.5490000 2.2172942 0.0000007
0.5495000 2.2197551 0.0000008
0.5500000 2.2222215 0.0000008
0.5505000 2.2246933 0.0000008
0.5510000 2.2271707 0.0000008
0.5515000 2.2296536 0.0000008
0.5520000 2.2321421 0.0000008
0.5525000 2.2346361 0.0000008
0.5530000 2.2371357 0.0000008
0.5535000 2.2396409 0.0000008
0.5540000 2.2421517 0.0000008
0.5545000 2.2446681 0.0000008
0.5550000 2.2471902 0.0000008
0.5555000 2.2497180 0.0000008
0.5560000 2.2522515 0.0000008
0.5565000 2.2547906 0.0000008
0.5570000 2.2573355 0.0000008
0.5575000 2.2598862 0.0000008
0.5580000 2.2624426 0.0000008
0.5585000 2.2650049 0.0000008
0.5590000 2.2675729 0.0000008
0.5595000 2.2701467 0.0000008
0.5600000 2.2727265 0.0000008
0.5605000 2.2753120 0.0000008
0.5610000 2.2779035 0.0000008
0.5615000 2.2805009 0.0000008
0.5620000 2.2831042 0.0000008
0.5625000 2.2857134 0.0000008
0.5630000 2.2883287 0.0000008
0.5635000 2.2909499 0.0000008
0.5640000 2.2935771 0.0000008
0.5645000 2.2962104 0.0000009
0.5650000 2.2988497 0.0000009
0.5655000 2.3014951 0.0000009
0.5660000 2.3041466 0.0000009
0.5665000 2.3068042 0.0000009
0.5670000 2.3094679 0.0000009
0.5675000 2.3121379 0.0000009
0.5680000 2.3148139 0.0000009
0.5685000 2.3174962 0.0000009
0.5690000 2.3201847 0.0000009
0.5695000 2.3228795 0.0000009
0.5700000 2.3255805 0.0000009
0.5705000 2.3282878 0.0000009
0.5710000 2.3310014 0.0000009
0.5715000 2.3337214 0.0000009
0.5720000 2.3364477 0.0000009
0.5725000 2.3391804 0.0000009
0.5730000 2.3419195 0.0000009
0.5735000 2.3446650 0.0000009
0.5740000 2.3474169 0.0000009
0.5745000 2.3501753 0.0000009
0.5750000 2.3529402 0.0000009
0.5755000 2.3557117 0.0000009
0.5760000 2.3584896 0.0000009
0.5765000 2.3612741 0.0000009
0.5770000 2.3640652 0.0000010
0.5775000 2.3668629 0.0000010
0.5780000 2.3696673 0.0000010
0.5785000 2.3724783 0.0000010
0.5790000 2.3752959 0.0000010
0.5795000 2.3781203 0.0000010
0.5800000 2.3809514 0.0000010
0.5805000 2.3837892 0.0000010
0.5810000 2.3866339 0.0000010
0.5815000 2.3894853 0.0000010
0.5820000 2.3923435 0.0000010
0.5825000 2.3952086 0.0000010
0.5830000 2.3980805 0.0000010
0.5835000 2.4009594 0.0000010
0.5840000 2.4038451 0.0000010
0.5845000 2.4067379 0.0000010
0.5850000 2.4096375 0.0000010
0.5855000 2.4125442 0.0000010
0.5860000 2.4154579 0.0000010
0.5865000 2.4183786 0.0000010
0.5870000 2.4213065 0.0000010
0.5875000 2.4242414 0.0000010
0.5880000 2.4271834 0.0000011
0.5885000 2.4301326 0.0000011
0.5890000 2.4330890 0.0000011
0.5895000 2.4360525 0.0000011
0.5900000 2.4390233 0.0000011
0.5905000 2.4420014 0.0000011
0.5910000 2.4449867 0.0000011
0.5915000 2.4479793 0.0000011
0.5920000 2.4509793 0.0000011
0.5925000 2.4539866 0.0000011
0.5930000 2.4570014 0.0000011
0.5935000 2.4600235 0.0000011
0.5940000 2.4630531 0.0000011
0.5945000 2.4660901 0.0000011
0.5950000 2.4691347 0.0000011
0.5955000 2.4721868 0.0000011
0.5960000 2.4752464 0.0000011
0.5965000 2.4783136 0.0000011
0.5970000 2.4813884 0.0000011
0.5975000 2.4844709 0.0000011
0.5980000 2.4875610 0.0000011
0.5985000 2.4906589 0.0000012
0.5990000 2.4937644 0.0000012
0.5995000 2.4968777 0.0000012
0.6000000 2.4999988 0.0000012
0.6005000 2.5031277 0.0000012
0.6010000 2.5062645 0.0000012
0.6015000 2.5094091 0.0000012
0.6020000 2.5125616 0.0000012
0.6025000 2.5157221 0.0000012
0.6030000 2.5188905 0.0000012
0.6035000 2.5220669 0.0000012
0.6040000 2.5252513 0.0000012
0.6045000 2.5284438 0.0000012
0.6050000 2.5316443 0.0000012
0.6055000 2.5348530 0.0000012
0.6060000 2.5380698 0.0000012
0.6065000 2.5412948 0.0000012
0.6070000 2.5445280 0.0000012
0.6075000 2.5477694 0.0000013
0.6080000 2.5510191 0.0000013
0.6085000 2.5542771 0.0000013
0.6090000 2.5575435 0.0000013
0.6095000 2.5608182 0.0000013
0.6100000 2.5641013 0.0000013
0.6105000 2.5673928 0.0000013
0.6110000 2.5706928 0.0000013
0.6115000 2.5740013 0.0000013
0.6120000 2.5773183 0.0000013
0.6125000 2.5806438 0.0000013
0.6130000 2.5839780 0.0000013
0.6135000 2.5873208 0.0000013
0.6140000 2.5906722 0.0000013
0.6145000 2.5940324 0.0000013
0.6150000 2.5974013 0.0000013
0.6155000 2.6007789 0.0000014
0.6160000 2.6041653 0.0000014
0.6165000 2.6075606 0.0000014
0.6170000 2.6109647 0.0000014
0.6175000 2.6143777 0.0000014
0.6180000 2.6177997 0.0000014
0.6185000 2.6212306 0.0000014
0.6190000 2.6246705 0.0000014
0.6195000 2.6281195 0.0000014
0.6200000 2.6315775 0.0000014
0.6205000 2.6350447 0.0000014
0.6210000 2.6385210 0.0000014
0.6215000 2.6420065 0.0000014
0.6220000 2.6455012 0.0000014
0.6225000 2.6490052 0.0000014
0.6230000 2.6525184 0.0000015
0.6235000 2.6560410 0.0000015
0.6240000 2.6595730 0.0000015
0.6245000 2.6631144 0.0000015
0.6250000 2.6666652 0.0000015
0.6255000 2.6702255 0.0000015
0.6260000 2.6737953 0.0000015
0.6265000 2.6773747 0.0000015
0.6270000 2.6809636 0.0000015
0.6275000 2.6845622 0.0000015
0.6280000 2.6881705 0.0000015
0.6285000 2.6917885 0.0000015
0.6290000 2.6954163 0.0000015
0.6295000 2.6990538 0.0000015
0.6300000 2.7027011 0.0000016
0.6305000 2.7063584 0.0000016
0.6310000 2.7100255 0.0000016
0.6315000 2.7137026 0.0000016
0.6320000 2.7173897 0.0000016
0.6325000 2.7210868 0.0000016
0.6330000 2.7247940 0.0000016
0.6335000 2.7285114 0.0000016
0.6340000 2.7322388 0.0000016
0.6345000 2.7359765 0.0000016
0.6350000 2.7397244 0.0000016
0.6355000 2.7434826 0.0000016
0.6360000 2.7472511 0.0000016
0.6365000 2.7510300 0.0000017
0.6370000 2.7548193 0.0000017
0.6375000 2.7586190 0.0000017
0.6380000 2.7624293 0.0000017
0.6385000 2.7662500 0.0000017
0.6390000 2.7700814 0.0000017
0.6395000 2.7739234 0.0000017
0.6400000 2.7777761 0.0000017
0.6405000 2.7816394 0.0000017
0.6410000 2.7855136 0.0000017
0.6415000 2.7893985 0.0000017
0.6420000 2.7932943 0.0000017
0.6425000 2.7972010 0.0000018
0.6430000 2.8011187 0.0000018
0.6435000 2.8050473 0.0000018
0.6440000 2.8089870 0.0000018
0.6445000 2.8129377 0.0000018
0.6450000 2.8168996 0.0000018
0.6455000 2.8208727 0.0000018
0.6460000 2.8248569 0.0000018
0.6465000 2.8288525 0.0000018
0.6470000 2.8328594 0.0000018
0.6475000 2.8368776 0.0000018
0.6480000 2.8409072 0.0000019
0.6485000 2.8449483 0.0000019
0.6490000 2.8490010 0.0000019
0.6495000 2.8530652 0.0000019
0.6500000 2.8571410 0.0000019
0.6505000 2.8612284 0.0000019
0.6510000 2.8653276 0.0000019
0.6515000 2.8694385 0.0000019
0.6520000 2.8735613 0.0000019
0.6525000 2.8776959 0.0000019
0.6530000 2.8818424 0.0000020
0.6535000 2.8860009 0.0000020
0.6540000 2.8901714 0.0000020
0.6545000 2.8943540 0.0000020
0.6550000 2.8985487 0.0000020
0.6555000 2.9027556 0.0000020
0.6560000 2.9069747 0.0000020
0.6565000 2.9112061 0.0000020
0.6570000 2.9154499 0.0000020
0.6575000 2.9197060 0.0000020
0.6580000 2.9239746 0.0000021
0.6585000 2.9282556 0.0000021
0.6590000 2.9325492 0.0000021
0.6595000 2.9368555 0.0000021
0.6600000 2.9411744 0.0000021
0.6605000 2.9455060 0.0000021
0.6610000 2.9498504 0.0000021
0.6615000 2.9542076 0.0000021
0.6620000 2.9585777 0.0000021
0.6625000 2.9629608 0.0000022
0.6630000 2.9673569 0.0000022
0.6635000 2.9717660 0.0000022
0.6640000 2.9761883 0.0000022
0.6645000 2.9806237 0.0000022
0.6650000 2.9850724 0.0000022
0.6655000 2.9895344 0.0000022
0.6660000 2.9940097 0.0000022
0.6665000 2.9984985 0.0000022
0.6670000 3.0030007 0.0000023
0.6675000 3.0075165 0.0000023
0.6680000 3.0120459 0.0000023
0.6685000 3.0165890 0.0000023
0.6690000 3.0211457 0.0000023
0.6695000 3.0257163 0.0000023
0.6700000 3.0303007 0.0000023
0.6705000 3.0348990 0.0000023
0.6710000 3.0395113 0.0000024
0.6715000 3.0441377 0.0000024
0.6720000 3.0487781 0.0000024
0.6725000 3.0534327 0.0000024
0.6730000 3.0581016 0.0000024
0.6735000 3.0627847 0.0000024
0.6740000 3.0674822 0.0000024
0.6745000 3.0721942 0.0000024
0.6750000 3.0769206 0.0000025
0.6755000 3.0816616 0.0000025
0.6760000 3.0864173 0.0000025
0.6765000 3.0911876 0.0000025
0.6770000 3.0959727 0.0000025
0.6775000 3.1007727 0.0000025
0.6780000 3.1055875 0.0000025
0.6785000 3.1104174 0.0000025
0.6790000 3.1152622 0.0000026
0.6795000 3.1201222 0.0000026
0.6800000 3.1249974 0.0000026
0.6805000 3.1298878 0.0000026
0.6810000 3.1347936 0.0000026
0.6815000 3.1397148 0.0000026
0.6820000 3.1446514 0.0000026
0.6825000 3.1496036 0.0000027
0.6830000 3.1545715 0.0000027
0.6835000 3.1595550 0.0000027
0.6840000 3.1645543 0.0000027
0.6845000 3.1695694 0.0000027
0.6850000 3.1746004 0.0000027
0.6855000 3.1796475 0.0000028
0.6860000 3.1847106 0.0000028
0.6865000 3.1897899 0.0000028
0.6870000 3.1948854 0.0000028
0.6875000 3.1999972 0.0000028
0.6880000 3.2051254 0.0000028
0.6885000 3.2102700 0.0000028
0.6890000 3.2154312 0.0000029
0.6895000 3.2206090 0.0000029
0.6900000 3.2258036 0.0000029
0.6905000 3.2310149 0.0000029
0.6910000 3.2362430 0.0000029
0.6915000 3.2414881 0.0000029
0.6920000 3.2467503 0.0000030
0.6925000 3.2520295 0.0000030
0.6930000 3.2573260 0.0000030
0.6935000 3.2626397 0.0000030
0.6940000 3.2679708 0.0000030
0.6945000 3.2733194 0.0000030
0.6950000 3.2786855 0.0000031
0.6955000 3.2840692 0.0000031
0.6960000 3.2894706 0.0000031
0.6965000 3.2948898 0.0000031
0.6970000 3.3003269 0.0000031
0.6975000 3.3057820 0.0000031
0.6980000 3.3112551 0.0000032
0.6985000 3.3167464 0.0000032
0.6990000 3.3222559 0.0000032
0.6995000 3.3277838 0.0000032
0.7000000 3.3333301 0.0000032
0.7005000 3.3388949 0.0000033
0.7010000 3.3444783 0.0000033
0.7015000 3.3500805 0.0000033
0.7020000 3.3557014 0.0000033
0.7025000 3.3613412 0.0000033
0.7030000 3.3670000 0.0000034
0.7035000 3.3726779 0.0000034
0.7040000 3.3783750 0.0000034
0.7045000 3.3840913 0.0000034
0.7050000 3.3898271 0.0000034
0.7055000 3.3955823 0.0000034
0.7060000 3.4013571 0.0000035
0.7065000 3.4071515 0.0000035
0.7070000 3.4129658 0.0000035
0.7075000 3.4187999 0.0000035
0.7080000 3.4246540 0.0000036
0.7085000 3.4305282 0.0000036
0.7090000 3.4364225 0.0000036
0.7095000 3.4423372 0.0000036
0.7100000 3.4482722 0.0000036
0.7105000 3.4542278 0.0000037
0.7110000 3.4602039 0.0000037
0.7115000 3.4662008 0.0000037
0.7120000 3.4722185 0.0000037
0.7125000 3.4782571 0.0000037
0.7130000 3.4843168 0.0000038
0.7135000 3.4903976 0.0000038
0.7140000 3.4964997 0.0000038
0.7145000 3.5026231 0.0000038
0.7150000 3.5087681 0.0000039
0.7155000 3.5149346 0.0000039
0.7160000 3.5211229 0.0000039
0.7165000 3.5273329 0.0000039
0.7170000 3.5335650 0.0000039
0.7175000 3.5398190 0.0000040
0.7180000 3.5460953 0.0000040
0.7185000 3.5523938 0.0000040
0.7190000 3.5587148 0.0000040
0.7195000 3.5650583 0.0000041
0.7200000 3.5714245 0.0000041
0.7205000 3.5778134 0.0000041
0.7210000 3.5842252 0.0000041
0.7215000 3.5906601 0.0000042
0.7220000 3.5971181 0.0000042
0.7225000 3.6035994 0.0000042
0.7230000 3.6101041 0.0000042
0.7235000 3.6166323 0.0000043
0.7240000 3.6231841 0.0000043
0.7245000 3.6297597 0.0000043
0.7250000 3.6363593 0.0000044
0.7255000 3.6429829 0.0000044
0.7260000 3.6496306 0.0000044
0.7265000 3.6563027 0.0000044
0.7270000 3.6629992 0.0000045
0.7275000 3.6697203 0.0000045
0.7280000 3.6764661 0.0000045
0.7285000 3.6832367 0.0000045
0.7290000 3.6900323 0.0000046
0.7295000 3.6968531 0.0000046
0.7300000 3.7036991 0.0000046
0.7305000 3.7105705 0.0000047
0.7310000 3.7174674 0.0000047
0.7315000 3.7243901 0.0000047
0.7320000 3.7313385 0.0000047
0.7325000 3.7383130 0.0000048
0.7330000 3.7453135 0.0000048
0.7335000 3.7523404 0.0000048
0.7340000 3.7593936 0.0000049
0.7345000 3.7664734 0.0000049
0.7350000 3.7735800 0.0000049
0.7355000 3.7807134 0.0000050
0.7360000 3.7878738 0.0000050
0.7365000 3.7950614 0.0000050
0.7370000 3.8022763 0.0000051
0.7375000 3.8095187 0.0000051
0.7380000 3.8167888 0.0000051
0.7385000 3.8240866 0.0000052
0.7390000 3.8314124 0.0000052
0.7395000 3.8387664 0.0000052
0.7400000 3.8461486 0.0000053
0.7405000 3.8535593 0.0000053
0.7410000 3.8609985 0.0000053
0.7415000 3.8684666 0.0000054
0.7420000 3.8759636 0.0000054
0.7425000 3.8834897 0.0000054
0.7430000 3.8910451 0.0000055
0.7435000 3.8986300 0.0000055
0.7440000 3.9062445 0.0000055
0.7445000 3.9138888 0.0000056
0.7450000 3.9215630 0.0000056
0.7455000 3.9292674 0.0000056
0.7460000 3.9370022 0.0000057
0.7465000 3.9447675 0.0000057
0.7470000 3.9525634 0.0000058
0.7475000 3.9603902 0.0000058
0.7480000 3.9682481 0.0000058
0.7485000 3.9761373 0.0000059
0.7490000 3.9840578 0.0000059
0.7495000 3.9920100 0.0000060
0.7500000 3.9999940 0.0000060
0.7505000 4.0080100 0.0000060
0.7510000 4.0160582 0.0000061
0.7515000 4.0241388 0.0000061
0.7520000 4.0322519 0.0000062
0.7525000 4.0403978 0.0000062
0.7530000 4.0485768 0.0000062
0.7535000 4.0567889 0.0000063
0.7540000 4.0650343 0.0000063
0.7545000 4.0733134 0.0000064
0.7550000 4.0816262 0.0000064
0.7555000 4.0899731 0.0000065
0.7560000 4.0983542 0.0000065
0.7565000 4.1067696 0.0000065
0.7570000 4.1152198 0.0000066
0.7575000 4.1237047 0.0000066
0.7580000 4.1322247 0.0000067
0.7585000 4.1407800 0.0000067
0.7590000 4.1493708 0.0000068
0.7595000 4.1579973 0.0000068
0.7600000 4.1666598 0.0000069
0.7605000 4.1753584 0.0000069
0.7610000 4.1840935 0.0000070
0.7615000 4.1928651 0.0000070
0.7620000 4.2016736 0.0000071
0.7625000 4.2105192 0.0000071
0.7630000 4.2194021 0.0000072
0.7635000 4.2283226 0.0000072
0.7640000 4.2372809 0.0000073
0.7645000 4.2462772 0.0000073
0.7650000 4.2553118 0.0000074
0.7655000 4.2643849 0.0000074
0.7660000 4.2734968 0.0000075
0.7665000 4.2826477 0.0000075
0.7670000 4.2918379 0.0000076
0.7675000 4.3010676 0.0000076
0.7680000 4.3103371 0.0000077
0.7685000 4.3196467 0.0000077
0.7690000 4.3289965 0.0000078
0.7695000 4.3383870 0.0000078
0.7700000 4.3478182 0.0000079
0.7705000 4.3572905 0.0000080
0.7710000 4.3668042 0.0000080
0.7715000 4.3763595 0.0000081
0.7720000 4.3859568 0.0000081
0.7725000 4.3955962 0.0000082
0.7730000 4.4052781 0.0000082
0.7735000 4.4150027 0.0000083
0.7740000 4.4247704 0.0000084
0.7745000 4.4345814 0.0000084
0.7750000 4.4444360 0.0000085
0.7755000 4.4543344 0.0000086
0.7760000 4.4642771 0.0000086
0.7765000 4.4742642 0.0000087
0.7770000 4.4842962 0.0000087
0.7775000 4.4943732 0.0000088
0.7780000 4.5044956 0.0000089
0.7785000 4.5146637 0.0000089
0.7790000 4.5248779 0.0000090
0.7795000 4.5351383 0.0000091
0.7800000 4.5454454 0.0000091
0.7805000 4.5557994 0.0000092
0.7810000 4.5662008 0.0000093
0.7815000 4.5766497 0.0000094
0.7820000 4.5871465 0.0000094
0.7825000 4.5976917 0.0000095
0.7830000 4.6082854 0.0000096
0.7835000 4.6189280 0.0000096
0.7840000 4.6296199 0.0000097
0.7845000 4.6403614 0.0000098
0.7850000 4.6511529 0.0000099
0.7855000 4.6619947 0.0000099
0.7860000 4.6728872 0.0000100
0.7865000 4.6838307 0.0000101
0.7870000 4.6948255 0.0000102
0.7875000 4.7058721 0.0000102
0.7880000 4.7169708 0.0000103
0.7885000 4.7281220 0.0000104
0.7890000 4.7393260 0.0000105
0.7895000 4.7505833 0.0000106
0.7900000 4.7618941 0.0000106
0.7905000 4.7732590 0.0000107
0.7910000 4.7846782 0.0000108
0.7915000 4.7961522 0.0000109
0.7920000 4.8076813 0.0000110
0.7925000 4.8192660 0.0000111
0.7930000 4.8309067 0.0000112
0.7935000 4.8426038 0.0000112
0.7940000 4.8543576 0.0000113
0.7945000 4.8661686 0.0000114
0.7950000 4.8780373 0.0000115
0.7955000 4.8899639 0.0000116
0.7960000 4.9019491 0.0000117
0.7965000 4.9139931 0.0000118
0.7970000 4.9260965 0.0000119
0.7975000 4.9382596 0.0000120
0.7980000 4.9504830 0.0000121
0.7985000 4.9627670 0.0000122
0.7990000 4.9751121 0.0000123
0.7995000 4.9875188 0.0000124
0.8000000 4.9999875 0.0000125
0.8005000 5.0125187 0.0000126
0.8010000 5.0251129 0.0000127
0.8015000 5.0377706 0.0000128
0.8020000 5.0504922 0.0000129
0.8025000 5.0632781 0.0000130
0.8030000 5.0761290 0.0000131
0.8035000 5.0890453 0.0000132
0.8040000 5.1020275 0.0000133
0.8045000 5.1150761 0.0000134
0.8050000 5.1281916 0.0000135
0.8055000 5.1413745 0.0000137
0.8060000 5.1546254 0.0000138
0.8065000 5.1679448 0.0000139
0.8070000 5.1813331 0.0000140
0.8075000 5.1947911 0.0000141
0.8080000 5.2083191 0.0000142
0.8085000 5.2219177 0.0000144
0.8090000 5.2355876 0.0000145
0.8095000 5.2493292 0.0000146
0.8100000 5.2631432 0.0000147
0.8105000 5.2770300 0.0000149
0.8110000 5.2909903 0.0000150
0.8115000 5.3050247 0.0000151
0.8120000 5.3191337 0.0000153
0.8125000 5.3333180 0.0000154
0.8130000 5.3475781 0.0000155
0.8135000 5.3619146 0.0000157
0.8140000 5.3763283 0.0000158
0.8145000 5.3908197 0.0000159
0.8150000 5.4053893 0.0000161
0.8155000 5.4200380 0.0000162
0.8160000 5.4347663 0.0000163
0.8165000 5.4495748 0.0000165
0.8170000 5.4644642 0.0000166
0.8175000 5.4794353 0.0000168
0.8180000 5.4944886 0.0000169
0.8185000 5.5096248 0.0000171
0.8190000 5.5248446 0.0000172
0.8195000 5.5401488 0.0000174
0.8200000 5.5555380 0.0000175
0.8205000 5.5710129 0.0000177
0.8210000 5.5865743 0.0000179
0.8215000 5.6022229 0.0000180
0.8220000 5.6179593 0.0000182
0.8225000 5.6337845 0.0000184
0.8230000 5.6496990 0.0000185
0.8235000 5.6657037 0.0000187
0.8240000 5.6817993 0.0000189
0.8245000 5.6979867 0.0000190
0.8250000 5.7142665 0.0000192
0.8255000 5.7306396 0.0000194
0.8260000 5.7471069 0.0000196
0.8265000 5.7636690 0.0000197
0.8270000 5.7803269 0.0000199
0.8275000 5.7970813 0.0000201
0.8280000 5.8139332 0.0000203
0.8285000 5.8308833 0.0000205
0.8290000 5.8479325 0.0000207
0.8295000 5.8650818 0.0000209
0.8300000 5.8823319 0.0000211
0.8305000 5.8996837 0.0000213
0.8310000 5.9171383 0.0000215
0.8315000 5.9346964 0.0000217
0.8320000 5.9523591 0.0000219
0.8325000 5.9701271 0.0000221
0.8330000 5.9880016 0.0000223
0.8335000 6.0059835 0.0000225
0.8340000 6.0240736 0.0000228
0.8345000 6.0422731 0.0000230
0.8350000 6.0605829 0.0000232
0.8355000 6.0790039 0.0000234
0.8360000 6.0975373 0.0000236
0.8365000 6.1161841 0.0000239
0.8370000 6.1349452 0.0000241
0.8375000 6.1538218 0.0000244
0.8380000 6.1728149 0.0000246
0.8385000 6.1919256 0.0000248
0.8390000 6.2111550 0.0000251
0.8395000 6.2305043 0.0000253
0.8400000 6.2499744 0.0000256
0.8405000 6.2695666 0.0000258
0.8410000 6.2892821 0.0000261
0.8415000 6.3091219 0.0000264
0.8420000 6.3290873 0.0000266
0.8425000 6.3491794 0.0000269
0.8430000 6.3693996 0.0000272
0.8435000 6.3897489 0.0000275
0.8440000 6.4102287 0.0000277
0.8445000 6.4308401 0.0000280
0.8450000 6.4515846 0.0000283
0.8455000 6.4724633 0.0000286
0.8460000 6.4934776 0.0000289
0.8465000 6.5146288 0.0000292
0.8470000 6.5359182 0.0000295
0.8475000 6.5573472 0.0000298
0.8480000 6.5789172 0.0000301
0.8485000 6.6006296 0.0000304
0.8490000 6.6224858 0.0000308
0.8495000 6.6444872 0.0000311
0.8500000 6.6666352 0.0000314
0.8505000 6.6889315 0.0000318
0.8510000 6.7113773 0.0000321
0.8515000 6.7339743 0.0000324
0.8520000 6.7567240 0.0000328
0.8525000 6.7796279 0.0000331
0.8530000 6.8026876 0.0000335
0.8535000 6.8259047 0.0000339
0.8540000 6.8492808 0.0000342
0.8545000 6.8728176 0.0000346
0.8550000 6.8965167 0.0000350
0.8555000 6.9203799 0.0000354
0.8560000 6.9444087 0.0000358
0.8565000 6.9686050 0.0000362
0.8570000 6.9929704 0.0000366
0.8575000 7.0175069 0.0000370
0.8580000 7.0422161 0.0000374
0.8585000 7.0671000 0.0000378
0.8590000 7.0921604 0.0000382
0.8595000 7.1173991 0.0000387
0.8600000 7.1428180 0.0000391
0.8605000 7.1684192 0.0000395
0.8610000 7.1942046 0.0000400
0.8615000 7.2201762 0.0000404
0.8620000 7.2463359 0.0000409
0.8625000 7.2726859 0.0000414
0.8630000 7.2992282 0.0000419
0.8635000 7.3259650 0.0000424
0.8640000 7.3528983 0.0000428
0.8645000 7.3800305 0.0000433
0.8650000 7.4073636 0.0000439
0.8655000 7.4348999 0.0000444
0.8660000 7.4626417 0.0000449
0.8665000 7.4905913 0.0000454
0.8670000 7.5187510 0.0000460
0.8675000 7.5471233 0.0000465
0.8680000 7.5757105 0.0000471
0.8685000 7.6045151 0.0000476
0.8690000 7.6335396 0.0000482
0.8695000 7.6627865 0.0000488
0.8700000 7.6922583 0.0000494
0.8705000 7.7219577 0.0000500
0.8710000 7.7518874 0.0000506
0.8715000 7.7820499 0.0000512
0.8720000 7.8124481 0.0000519
0.8725000 7.8430848 0.0000525
0.8730000 7.8739626 0.0000532
0.8735000 7.9050845 0.0000538
0.8740000 7.9364534 0.0000545
0.8745000 7.9680723 0.0000552
0.8750000 7.9999441 0.0000559
0.8755000 8.0320719 0.0000566
0.8760000 8.0644588 0.0000573
0.8765000 8.0971080 0.0000580
0.8770000 8.1300225 0.0000588
0.8775000 8.1632058 0.0000595
0.8780000 8.1966610 0.0000603
0.8785000 8.2303916 0.0000611
0.8790000 8.2644009 0.0000619
0.8795000 8.2986925 0.0000627
0.8800000 8.3332698 0.0000635
0.8805000 8.3681365 0.0000643
0.8810000 8.4032961 0.0000652
0.8815000 8.4387525 0.0000661
0.8820000 8.4745093 0.0000669
0.8825000 8.5105705 0.0000678
0.8830000 8.5469398 0.0000687
0.8835000 8.5836213 0.0000697
0.8840000 8.6206190 0.0000706
0.8845000 8.6579371 0.0000716
0.8850000 8.6955796 0.0000726
0.8855000 8.7335509 0.0000736
0.8860000 8.7718553 0.0000746
0.8865000 8.8104971 0.0000756
0.8870000 8.8494809 0.0000767
0.8875000 8.8888112 0.0000777
0.8880000 8.9284926 0.0000788
0.8885000 8.9685299 0.0000799
0.8890000 9.0089280 0.0000810
0.8895000 9.0496916 0.0000822
0.8900000 9.0908257 0.0000834
0.8905000 9.1323355 0.0000846
0.8910000 9.1742261 0.0000858
0.8915000 9.2165028 0.0000870
0.8920000 9.2591710 0.0000883
0.8925000 9.3022360 0.0000896
0.8930000 9.3457035 0.0000909
0.8935000 9.3895791 0.0000922
0.8940000 9.4338687 0.0000936
0.8945000 9.4785780 0.0000950
0.8950000 9.5237131 0.0000964
0.8955000 9.5692802 0.0000978
0.8960000 9.6152853 0.0000993
0.8965000 9.6617349 0.0001008
0.8970000 9.7086355 0.0001023
0.8975000 9.7559937 0.0001039
0.8980000 9.8038161 0.0001055
0.8985000 9.8521096 0.0001071
0.8990000 9.9008813 0.0001088
0.8995000 9.9501383 0.0001105
0.9000000 9.9998878 0.0001122
0.9005000 10.0501373 0.0001139
