0.000000	0.000000
-0.000050	0.010000
0.000100	0.020000
0.000350	0.030000
0.000700	0.040000
0.001150	0.050000
0.001699	0.060000
0.002348	0.070000
0.003097	0.080000
0.003946	0.090000
0.004893	0.100000
0.005940	0.110000
0.007086	0.120000
0.008331	0.130000
0.009674	0.140000
0.011116	0.150000
0.012656	0.160000
0.014294	0.170000
0.016029	0.180000
0.017862	0.190000
0.019792	0.200000
0.021819	0.210000
0.023942	0.220000
0.026161	0.230000
0.028476	0.240000
0.030886	0.250000
0.033391	0.260000
0.035990	0.270000
0.038684	0.280000
0.041471	0.290000
0.044351	0.300000
0.047324	0.310000
0.050390	0.320000
0.053547	0.330000
0.056795	0.340000
0.060133	0.350000
0.063562	0.360000
0.067081	0.370000
0.070688	0.380000
0.074384	0.390000
0.078167	0.400000
0.082038	0.410000
0.085995	0.420000
0.090037	0.430000
0.094165	0.440000
0.098378	0.450000
0.102674	0.460000
0.107053	0.470000
0.111514	0.480000
0.116057	0.490000
0.120681	0.500000
0.125385	0.510000
0.130168	0.520000
0.135029	0.530000
0.139969	0.540000
0.144985	0.550000
0.150077	0.560000
0.155244	0.570000
0.160485	0.580000
0.165800	0.590000
0.171187	0.600000
0.176646	0.610000
0.182175	0.620000
0.187774	0.630000
0.193442	0.640000
0.199178	0.650000
0.204980	0.660000
0.210849	0.670000
0.216782	0.680000
0.222780	0.690000
0.228840	0.700000
0.234962	0.710000
0.241144	0.720000
0.247387	0.730000
0.253688	0.740000
0.260047	0.750000
0.266462	0.760000
0.272933	0.770000
0.279458	0.780000
0.286036	0.790000
0.292667	0.800000
0.299348	0.810000
0.306079	0.820000
0.312859	0.830000
0.319686	0.840000
0.326559	0.850000
0.333478	0.860000
0.340440	0.870000
0.347446	0.880000
0.354492	0.890000
0.361579	0.900000
0.368705	0.910000
0.375869	0.920000
0.383069	0.930000
0.390304	0.940000
0.397574	0.950000
0.404876	0.960000
0.412210	0.970000
0.419574	0.980000
0.426966	0.990000
0.434386	1.000000
0.441833	1.010000
0.449304	1.020000
0.456799	1.030000
0.464316	1.040000
0.471854	1.050000
0.479412	1.060000
0.486988	1.070000
0.494580	1.080000
0.502188	1.090000
0.509811	1.100000
0.517446	1.110000
0.525092	1.120000
0.532748	1.130000
0.540413	1.140000
0.548085	1.150000
0.555763	1.160000
0.563445	1.170000
0.571130	1.180000
0.578817	1.190000
0.586504	1.200000
0.594189	1.210000
0.601872	1.220000
0.609551	1.230000
0.617224	1.240000
0.624890	1.250000
0.632547	1.260000
0.640195	1.270000
0.647831	1.280000
0.655455	1.290000
0.663064	1.300000
0.670657	1.310000
0.678234	1.320000
0.685792	1.330000
0.693329	1.340000
0.700846	1.350000
0.708339	1.360000
0.715808	1.370000
0.723251	1.380000
0.730667	1.390000
0.738054	1.400000
0.745411	1.410000
0.752736	1.420000
0.760027	1.430000
0.767285	1.440000
0.774506	1.450000
0.781690	1.460000
0.788834	1.470000
0.795939	1.480000
0.803001	1.490000
0.810020	1.500000
0.816994	1.510000
0.823923	1.520000
0.830803	1.530000
0.837634	1.540000
0.844415	1.550000
0.851144	1.560000
0.857820	1.570000
0.864440	1.580000
0.871005	1.590000
0.877511	1.600000
0.883959	1.610000
0.890346	1.620000
0.896672	1.630000
0.902934	1.640000
0.909131	1.650000
0.915262	1.660000
0.921326	1.670000
0.927321	1.680000
0.933245	1.690000
0.939098	1.700000
0.944878	1.710000
0.950584	1.720000
0.956214	1.730000
0.961767	1.740000
0.967241	1.750000
0.972636	1.760000
0.977950	1.770000
0.983181	1.780000
0.988329	1.790000
0.993391	1.800000
0.998368	1.810000
1.003256	1.820000
1.008056	1.830000
1.012766	1.840000
1.017384	1.850000
1.021910	1.860000
1.026342	1.870000
1.030678	1.880000
1.034918	1.890000
1.039061	1.900000
1.043105	1.910000
1.047048	1.920000
1.050891	1.930000
1.054631	1.940000
1.058267	1.950000
1.061799	1.960000
1.065225	1.970000
1.068544	1.980000
1.071754	1.990000
1.074856	2.000000
1.077847	2.010000
1.080726	2.020000
1.083493	2.030000
1.086146	2.040000
1.088685	2.050000
1.091107	2.060000
1.093413	2.070000
1.095601	2.080000
1.097670	2.090000
1.099619	2.100000
1.101448	2.110000
1.103154	2.120000
1.104738	2.130000
1.106198	2.140000
1.107533	2.150000
1.108743	2.160000
1.109826	2.170000
1.110782	2.180000
1.111609	2.190000
1.112308	2.200000
1.112876	2.210000
1.113313	2.220000
1.113619	2.230000
1.113792	2.240000
1.113832	2.250000
1.113737	2.260000
1.113508	2.270000
1.113143	2.280000
1.112642	2.290000
1.112004	2.300000
1.111228	2.310000
1.110313	2.320000
1.109260	2.330000
1.108066	2.340000
1.106732	2.350000
1.105257	2.360000
1.103640	2.370000
1.101881	2.380000
1.099979	2.390000
1.097934	2.400000
1.095744	2.410000
1.093410	2.420000
1.090931	2.430000
1.088306	2.440000
1.085536	2.450000
1.082619	2.460000
1.079555	2.470000
1.076343	2.480000
1.072984	2.490000
1.069476	2.500000
1.065820	2.510000
1.062015	2.520000
1.058061	2.530000
1.053958	2.540000
1.049704	2.550000
1.045300	2.560000
1.040746	2.570000
1.036041	2.580000
1.031185	2.590000
1.026178	2.600000
1.021019	2.610000
1.015709	2.620000
1.010247	2.630000
1.004634	2.640000
0.998868	2.650000
0.992951	2.660000
0.986881	2.670000
0.980659	2.680000
0.974284	2.690000
0.967758	2.700000
0.961079	2.710000
0.954247	2.720000
0.947264	2.730000
0.940128	2.740000
0.932839	2.750000
0.925399	2.760000
0.917807	2.770000
0.910063	2.780000
0.902167	2.790000
0.894119	2.800000
0.885920	2.810000
0.877570	2.820000
0.869068	2.830000
0.860416	2.840000
0.851613	2.850000
0.842660	2.860000
0.833557	2.870000
0.824305	2.880000
0.814903	2.890000
0.805352	2.900000
0.795652	2.910000
0.785804	2.920000
0.775808	2.930000
0.765665	2.940000
0.755375	2.950000
0.744938	2.960000
0.734356	2.970000
0.723627	2.980000
0.712754	2.990000
0.701736	3.000000
0.690575	3.010000
0.679270	3.020000
0.667822	3.030000
0.656232	3.040000
0.644501	3.050000
0.632629	3.060000
0.620617	3.070000
0.608465	3.080000
0.596175	3.090000
0.583746	3.100000
0.571180	3.110000
0.558478	3.120000
0.545640	3.130000
0.532667	3.140000
0.519560	3.150000
0.506320	3.160000
0.492947	3.170000
0.479443	3.180000
0.465809	3.190000
0.452044	3.200000
0.438151	3.210000
0.424130	3.220000
0.409982	3.230000
0.395709	3.240000
0.381310	3.250000
0.366788	3.260000
0.352143	3.270000
0.337376	3.280000
0.322488	3.290000
0.307481	3.300000
0.292356	3.310000
0.277113	3.320000
0.261754	3.330000
0.246281	3.340000
0.230693	3.350000
0.214993	3.360000
0.199181	3.370000
0.183259	3.380000
0.167229	3.390000
0.151090	3.400000
0.134846	3.410000
0.118496	3.420000
0.102043	3.430000
0.085487	3.440000
0.068830	3.450000
0.052073	3.460000
0.035219	3.470000
0.018267	3.480000
0.001220	3.490000
-0.015922	3.500000
-0.033156	3.510000
-0.050481	3.520000
-0.067896	3.530000
-0.085399	3.540000
-0.102988	3.550000
-0.120663	3.560000
-0.138422	3.570000
-0.156263	3.580000
-0.174184	3.590000
-0.192184	3.600000
-0.210261	3.610000
-0.228415	3.620000
-0.246642	3.630000
-0.264942	3.640000
-0.283313	3.650000
-0.301753	3.660000
-0.320261	3.670000
-0.338834	3.680000
-0.357472	3.690000
-0.376172	3.700000
-0.394933	3.710000
-0.413753	3.720000
-0.432630	3.730000
-0.451562	3.740000
-0.470549	3.750000
-0.489587	3.760000
-0.508675	3.770000
-0.527812	3.780000
-0.546995	3.790000
-0.566223	3.800000
-0.585494	3.810000
-0.604806	3.820000
-0.624157	3.830000
-0.643545	3.840000
-0.662969	3.850000
-0.682426	3.860000
-0.701915	3.870000
-0.721433	3.880000
-0.740980	3.890000
-0.760552	3.900000
-0.780148	3.910000
-0.799766	3.920000
-0.819404	3.930000
-0.839060	3.940000
-0.858732	3.950000
-0.878418	3.960000
-0.898117	3.970000
-0.917825	3.980000
-0.937542	3.990000
-0.957264	4.000000
-0.976991	4.010000
-0.996720	4.020000
-1.016449	4.030000
-1.036176	4.040000
-1.055899	4.050000
-1.075616	4.060000
-1.095325	4.070000
-1.115023	4.080000
-1.134710	4.090000
-1.154382	4.100000
-1.174037	4.110000
-1.193674	4.120000
-1.213291	4.130000
-1.232885	4.140000
-1.252454	4.150000
-1.271996	4.160000
-1.291509	4.170000
-1.310992	4.180000
-1.330441	4.190000
-1.349855	4.200000
-1.369231	4.210000
-1.388569	4.220000
-1.407864	4.230000
-1.427116	4.240000
-1.446322	4.250000
-1.465480	4.260000
-1.484588	4.270000
-1.503643	4.280000
-1.522645	4.290000
-1.541590	4.300000
-1.560476	4.310000
-1.579302	4.320000
-1.598064	4.330000
-1.616762	4.340000
-1.635393	4.350000
-1.653955	4.360000
-1.672445	4.370000
-1.690861	4.380000
-1.709203	4.390000
-1.727466	4.400000
-1.745650	4.410000
-1.763751	4.420000
-1.781769	4.430000
-1.799700	4.440000
-1.817544	4.450000
-1.835296	4.460000
-1.852957	4.470000
-1.870522	4.480000
-1.887991	4.490000
-1.905362	4.500000
-1.922631	4.510000
-1.939798	4.520000
-1.956859	4.530000
-1.973813	4.540000
-1.990658	4.550000
-2.007392	4.560000
-2.024013	4.570000
-2.040518	4.580000
-2.056906	4.590000
-2.073175	4.600000
-2.089322	4.610000
-2.105345	4.620000
-2.121243	4.630000
-2.137014	4.640000
-2.152654	4.650000
-2.168164	4.660000
-2.183540	4.670000
-2.198780	4.680000
-2.213883	4.690000
-2.228846	4.700000
-2.243668	4.710000
-2.258347	4.720000
-2.272880	4.730000
-2.287266	4.740000
-2.301503	4.750000
-2.315589	4.760000
-2.329522	4.770000
-2.343300	4.780000
-2.356922	4.790000
-2.370385	4.800000
-2.383687	4.810000
-2.396827	4.820000
-2.409803	4.830000
-2.422613	4.840000
-2.435255	4.850000
-2.447728	4.860000
-2.460029	4.870000
-2.472157	4.880000
-2.484110	4.890000
-2.495887	4.900000
-2.507485	4.910000
-2.518903	4.920000
-2.530139	4.930000
-2.541192	4.940000
-2.552060	4.950000
-2.562740	4.960000
-2.573232	4.970000
-2.583534	4.980000
-2.593644	4.990000
-2.603561	5.000000
-2.613283	5.010000
-2.622808	5.020000
-2.632135	5.030000
-2.641263	5.040000
-2.650189	5.050000
-2.658912	5.060000
-2.667432	5.070000
-2.675745	5.080000
-2.683851	5.090000
-2.691749	5.100000
-2.699437	5.110000
-2.706913	5.120000
-2.714176	5.130000
-2.721225	5.140000
-2.728058	5.150000
-2.734675	5.160000
-2.741073	5.170000
-2.747251	5.180000
-2.753209	5.190000
-2.758944	5.200000
-2.764456	5.210000
-2.769744	5.220000
-2.774805	5.230000
-2.779639	5.240000
-2.784246	5.250000
-2.788622	5.260000
-2.792769	5.270000
-2.796683	5.280000
-2.800365	5.290000
-2.803813	5.300000
-2.807026	5.310000
-2.810003	5.320000
-2.812743	5.330000
-2.815246	5.340000
-2.817509	5.350000
-2.819533	5.360000
-2.821316	5.370000
-2.822857	5.380000
-2.824155	5.390000
-2.825210	5.400000
-2.826021	5.410000
-2.826587	5.420000
-2.826907	5.430000
-2.826980	5.440000
-2.826806	5.450000
-2.826383	5.460000
-2.825712	5.470000
-2.824791	5.480000
-2.823620	5.490000
-2.822198	5.500000
-2.820525	5.510000
-2.818599	5.520000
-2.816421	5.530000
-2.813990	5.540000
-2.811304	5.550000
-2.808365	5.560000
-2.805171	5.570000
-2.801722	5.580000
-2.798017	5.590000
-2.794056	5.600000
-2.789839	5.610000
-2.785365	5.620000
-2.780634	5.630000
-2.775646	5.640000
-2.770400	5.650000
-2.764896	5.660000
-2.759134	5.670000
-2.753114	5.680000
-2.746835	5.690000
-2.740297	5.700000
-2.733500	5.710000
-2.726445	5.720000
-2.719130	5.730000
-2.711557	5.740000
-2.703724	5.750000
-2.695632	5.760000
-2.687281	5.770000
-2.678671	5.780000
-2.669802	5.790000
-2.660673	5.800000
-2.651286	5.810000
-2.641641	5.820000
-2.631736	5.830000
-2.621574	5.840000
-2.611153	5.850000
-2.600475	5.860000
-2.589538	5.870000
-2.578345	5.880000
-2.566895	5.890000
-2.555187	5.900000
-2.543224	5.910000
-2.531005	5.920000
-2.518530	5.930000
-2.505800	5.940000
-2.492816	5.950000
-2.479578	5.960000
-2.466086	5.970000
-2.452341	5.980000
-2.438344	5.990000
-2.424095	6.000000
-2.409595	6.010000
-2.394844	6.020000
-2.379844	6.030000
-2.364594	6.040000
-2.349096	6.050000
-2.333351	6.060000
-2.317358	6.070000
-2.301120	6.080000
-2.284636	6.090000
-2.267908	6.100000
-2.250936	6.110000
-2.233722	6.120000
-2.216267	6.130000
-2.198570	6.140000
-2.180634	6.150000
-2.162459	6.160000
-2.144047	6.170000
-2.125398	6.180000
-2.106514	6.190000
-2.087395	6.200000
-2.068043	6.210000
-2.048458	6.220000
-2.028643	6.230000
-2.008599	6.240000
-1.988325	6.250000
-1.967825	6.260000
-1.947099	6.270000
-1.926148	6.280000
-1.904974	6.290000
-1.883578	6.300000
-1.861961	6.310000
-1.840125	6.320000
-1.818072	6.330000
-1.795802	6.340000
-1.773318	6.350000
-1.750620	6.360000
-1.727710	6.370000
-1.704591	6.380000
-1.681262	6.390000
-1.657727	6.400000
-1.633986	6.410000
-1.610042	6.420000
-1.585895	6.430000
-1.561548	6.440000
-1.537002	6.450000
-1.512260	6.460000
-1.487322	6.470000
-1.462190	6.480000
-1.436867	6.490000
-1.411354	6.500000
-1.385653	6.510000
-1.359767	6.520000
-1.333695	6.530000
-1.307442	6.540000
-1.281008	6.550000
-1.254395	6.560000
-1.227607	6.570000
-1.200643	6.580000
-1.173508	6.590000
-1.146201	6.600000
-1.118727	6.610000
-1.091086	6.620000
-1.063281	6.630000
-1.035313	6.640000
-1.007186	6.650000
-0.978901	6.660000
-0.950461	6.670000
-0.921867	6.680000
-0.893121	6.690000
-0.864227	6.700000
-0.835186	6.710000
-0.806001	6.720000
-0.776673	6.730000
-0.747205	6.740000
-0.717600	6.750000
-0.687860	6.760000
-0.657987	6.770000
-0.627983	6.780000
-0.597851	6.790000
-0.567594	6.800000
-0.537213	6.810000
-0.506711	6.820000
-0.476091	6.830000
-0.445355	6.840000
-0.414506	6.850000
-0.383546	6.860000
-0.352477	6.870000
-0.321303	6.880000
-0.290026	6.890000
-0.258647	6.900000
-0.227171	6.910000
-0.195599	6.920000
-0.163934	6.930000
-0.132179	6.940000
-0.100336	6.950000
-0.068408	6.960000
-0.036398	6.970000
-0.004308	6.980000
0.027859	6.990000
0.060100	7.000000
0.092412	7.010000
0.124794	7.020000
0.157241	7.030000
0.189752	7.040000
0.222323	7.050000
0.254952	7.060000
0.287637	7.070000
0.320373	7.080000
0.353159	7.090000
0.385991	7.100000
0.418867	7.110000
0.451784	7.120000
0.484739	7.130000
0.517729	7.140000
0.550752	7.150000
0.583804	7.160000
0.616883	7.170000
0.649985	7.180000
0.683108	7.190000
0.716249	7.200000
0.749405	7.210000
0.782573	7.220000
0.815751	7.230000
0.848934	7.240000
0.882121	7.250000
0.915308	7.260000
0.948493	7.270000
0.981672	7.280000
1.014842	7.290000
1.048001	7.300000
1.081146	7.310000
1.114273	7.320000
1.147379	7.330000
1.180463	7.340000
1.213519	7.350000
1.246547	7.360000
1.279542	7.370000
1.312502	7.380000
1.345423	7.390000
1.378303	7.400000
1.411139	7.410000
1.443927	7.420000
1.476665	7.430000
1.509350	7.440000
1.541978	7.450000
1.574547	7.460000
1.607053	7.470000
1.639494	7.480000
1.671867	7.490000
1.704168	7.500000
1.736395	7.510000
1.768544	7.520000
1.800613	7.530000
1.832599	7.540000
1.864498	7.550000
1.896308	7.560000
1.928026	7.570000
1.959648	7.580000
1.991171	7.590000
2.022594	7.600000
2.053912	7.610000
2.085123	7.620000
2.116223	7.630000
2.147210	7.640000
2.178081	7.650000
2.208833	7.660000
2.239463	7.670000
2.269968	7.680000
2.300345	7.690000
2.330591	7.700000
2.360703	7.710000
2.390678	7.720000
2.420514	7.730000
2.450207	7.740000
2.479755	7.750000
2.509155	7.760000
2.538403	7.770000
2.567497	7.780000
2.596434	7.790000
2.625212	7.800000
2.653827	7.810000
2.682276	7.820000
2.710557	7.830000
2.738667	7.840000
2.766604	7.850000
2.794363	7.860000
2.821943	7.870000
2.849341	7.880000
2.876554	7.890000
2.903579	7.900000
2.930414	7.910000
2.957056	7.920000
2.983502	7.930000
3.009749	7.940000
3.035795	7.950000
3.061637	7.960000
3.087273	7.970000
3.112699	7.980000
3.137914	7.990000
3.162914	8.000000
3.187698	8.010000
3.212262	8.020000
3.236603	8.030000
3.260720	8.040000
3.284610	8.050000
3.308270	8.060000
3.331698	8.070000
3.354892	8.080000
3.377848	8.090000
3.400565	8.100000
3.423039	8.110000
3.445269	8.120000
3.467253	8.130000
3.488987	8.140000
3.510470	8.150000
3.531699	8.160000
3.552672	8.170000
3.573386	8.180000
3.593840	8.190000
3.614031	8.200000
3.633956	8.210000
3.653614	8.220000
3.673002	8.230000
3.692119	8.240000
3.710962	8.250000
3.729528	8.260000
3.747817	8.270000
3.765825	8.280000
3.783551	8.290000
3.800992	8.300000
3.818147	8.310000
3.835014	8.320000
3.851590	8.330000
3.867874	8.340000
3.883864	8.350000
3.899557	8.360000
3.914953	8.370000
3.930048	8.380000
3.944842	8.390000
3.959333	8.400000
3.973518	8.410000
3.987396	8.420000
4.000965	8.430000
4.014223	8.440000
4.027170	8.450000
4.039802	8.460000
4.052119	8.470000
4.064119	8.480000
4.075800	8.490000
4.087161	8.500000
4.098200	8.510000
4.108916	8.520000
4.119307	8.530000
4.129372	8.540000
4.139109	8.550000
4.148518	8.560000
4.157595	8.570000
4.166342	8.580000
4.174755	8.590000
4.182834	8.600000
4.190577	8.610000
4.197983	8.620000
4.205052	8.630000
4.211781	8.640000
4.218170	8.650000
4.224218	8.660000
4.229923	8.670000
4.235284	8.680000
4.240301	8.690000
4.244972	8.700000
4.249297	8.710000
4.253275	8.720000
4.256904	8.730000
4.260183	8.740000
4.263113	8.750000
4.265691	8.760000
4.267918	8.770000
4.269793	8.780000
4.271314	8.790000
4.272482	8.800000
4.273295	8.810000
4.273752	8.820000
4.273854	8.830000
4.273600	8.840000
4.272988	8.850000
4.272020	8.860000
4.270693	8.870000
4.269008	8.880000
4.266965	8.890000
4.264562	8.900000
4.261800	8.910000
4.258677	8.920000
4.255195	8.930000
4.251353	8.940000
4.247150	8.950000
4.242586	8.960000
4.237661	8.970000
4.232376	8.980000
4.226729	8.990000
4.220721	9.000000
4.214351	9.010000
4.207621	9.020000
4.200529	9.030000
4.193076	9.040000
4.185262	9.050000
4.177087	9.060000
4.168552	9.070000
4.159656	9.080000
4.150399	9.090000
4.140783	9.100000
4.130806	9.110000
4.120470	9.120000
4.109776	9.130000
4.098722	9.140000
4.087310	9.150000
4.075540	9.160000
4.063413	9.170000
4.050929	9.180000
4.038089	9.190000
4.024893	9.200000
4.011342	9.210000
3.997437	9.220000
3.983178	9.230000
3.968566	9.240000
3.953601	9.250000
3.938285	9.260000
3.922619	9.270000
3.906602	9.280000
3.890237	9.290000
3.873523	9.300000
3.856463	9.310000
3.839056	9.320000
3.821304	9.330000
3.803208	9.340000
3.784769	9.350000
3.765988	9.360000
3.746866	9.370000
3.727404	9.380000
3.707604	9.390000
3.687467	9.400000
3.666994	9.410000
3.646186	9.420000
3.625045	9.430000
3.603572	9.440000
3.581768	9.450000
3.559635	9.460000
3.537175	9.470000
3.514388	9.480000
3.491276	9.490000
3.467841	9.500000
3.444084	9.510000
3.420007	9.520000
3.395612	9.530000
3.370900	9.540000
3.345873	9.550000
3.320533	9.560000
3.294881	9.570000
3.268919	9.580000
3.242650	9.590000
3.216074	9.600000
3.189194	9.610000
3.162011	9.620000
3.134528	9.630000
3.106746	9.640000
3.078668	9.650000
3.050296	9.660000
3.021631	9.670000
2.992675	9.680000
2.963431	9.690000
2.933902	9.700000
2.904088	9.710000
2.873992	9.720000
2.843617	9.730000
2.812964	9.740000
2.782036	9.750000
2.750835	9.760000
2.719364	9.770000
2.687625	9.780000
2.655620	9.790000
2.623352	9.800000
2.590823	9.810000
2.558035	9.820000
2.524991	9.830000
2.491694	9.840000
2.458145	9.850000
2.424349	9.860000
2.390306	9.870000
2.356021	9.880000
2.321494	9.890000
2.286730	9.900000
2.251731	9.910000
2.216498	9.920000
2.181036	9.930000
2.145347	9.940000
2.109434	9.950000
2.073299	9.960000
2.036946	9.970000
2.000376	9.980000
1.963594	9.990000
1.926601	10.000000
1.889401	10.010000
1.851997	10.020000
1.814392	10.030000
1.776588	10.040000
1.738589	10.050000
1.700398	10.060000
1.662017	10.070000
1.623450	10.080000
1.584700	10.090000
1.545770	10.100000
1.506662	10.110000
1.467381	10.120000
1.427929	10.130000
1.388310	10.140000
1.348526	10.150000
1.308581	10.160000
1.268478	10.170000
1.228221	10.180000
1.187812	10.190000
1.147255	10.200000
1.106553	10.210000
1.065710	10.220000
1.024728	10.230000
0.983612	10.240000
0.942364	10.250000
0.900988	10.260000
0.859487	10.270000
0.817864	10.280000
0.776124	10.290000
0.734269	10.300000
0.692303	10.310000
0.650230	10.320000
0.608052	10.330000
0.565774	10.340000
0.523399	10.350000
0.480930	10.360000
0.438370	10.370000
0.395724	10.380000
0.352996	10.390000
0.310187	10.400000
0.267303	10.410000
0.224346	10.420000
0.181320	10.430000
0.138230	10.440000
0.095077	10.450000
0.051867	10.460000
0.008602	10.470000
-0.034713	10.480000
-0.078075	10.490000
-0.121481	10.500000
-0.164927	10.510000
-0.208409	10.520000
-0.251923	10.530000
-0.295466	10.540000
-0.339034	10.550000
-0.382624	10.560000
-0.426231	10.570000
-0.469852	10.580000
-0.513484	10.590000
-0.557122	10.600000
-0.600763	10.610000
-0.644403	10.620000
-0.688038	10.630000
-0.731666	10.640000
-0.775281	10.650000
-0.818880	10.660000
-0.862460	10.670000
-0.906017	10.680000
-0.949547	10.690000
-0.993046	10.700000
-1.036511	10.710000
-1.079938	10.720000
-1.123322	10.730000
-1.166661	10.740000
-1.209951	10.750000
-1.253188	10.760000
-1.296367	10.770000
-1.339486	10.780000
-1.382541	10.790000
-1.425528	10.800000
-1.468443	10.810000
-1.511282	10.820000
-1.554042	10.830000
-1.596719	10.840000
-1.639310	10.850000
-1.681810	10.860000
-1.724216	10.870000
-1.766524	10.880000
-1.808730	10.890000
-1.850831	10.900000
-1.892824	10.910000
-1.934704	10.920000
-1.976467	10.930000
-2.018111	10.940000
-2.059631	10.950000
-2.101024	10.960000
-2.142285	10.970000
-2.183413	10.980000
-2.224402	10.990000
-2.265249	11.000000
-2.305951	11.010000
-2.346504	11.020000
-2.386904	11.030000
-2.427148	11.040000
-2.467232	11.050000
-2.507153	11.060000
-2.546907	11.070000
-2.586491	11.080000
-2.625901	11.090000
-2.665133	11.100000
-2.704184	11.110000
-2.743050	11.120000
-2.781729	11.130000
-2.820216	11.140000
-2.858509	11.150000
-2.896603	11.160000
-2.934495	11.170000
-2.972182	11.180000
-3.009661	11.190000
-3.046928	11.200000
-3.083979	11.210000
-3.120812	11.220000
-3.157422	11.230000
-3.193808	11.240000
-3.229965	11.250000
-3.265889	11.260000
-3.301579	11.270000
-3.337031	11.280000
-3.372240	11.290000
-3.407205	11.300000
-3.441922	11.310000
-3.476388	11.320000
-3.510599	11.330000
-3.544553	11.340000
-3.578246	11.350000
-3.611676	11.360000
-3.644838	11.370000
-3.677731	11.380000
-3.710351	11.390000
-3.742695	11.400000
-3.774760	11.410000
-3.806544	11.420000
-3.838042	11.430000
-3.869253	11.440000
-3.900173	11.450000
-3.930800	11.460000
-3.961130	11.470000
-3.991161	11.480000
-4.020891	11.490000
-4.050315	11.500000
-4.079432	11.510000
-4.108238	11.520000
-4.136732	11.530000
-4.164910	11.540000
-4.192769	11.550000
-4.220308	11.560000
-4.247523	11.570000
-4.274411	11.580000
-4.300971	11.590000
-4.327200	11.600000
-4.353095	11.610000
-4.378654	11.620000
-4.403874	11.630000
-4.428753	11.640000
-4.453288	11.650000
-4.477478	11.660000
-4.501319	11.670000
-4.524810	11.680000
-4.547948	11.690000
-4.570731	11.700000
-4.593156	11.710000
-4.615223	11.720000
-4.636927	11.730000
-4.658268	11.740000
-4.679243	11.750000
-4.699850	11.760000
-4.720087	11.770000
-4.739951	11.780000
-4.759442	11.790000
-4.778557	11.800000
-4.797294	11.810000
-4.815652	11.820000
-4.833627	11.830000
-4.851220	11.840000
-4.868427	11.850000
-4.885247	11.860000
-4.901678	11.870000
-4.917719	11.880000
-4.933368	11.890000
-4.948623	11.900000
-4.963483	11.910000
-4.977946	11.920000
-4.992010	11.930000
-5.005675	11.940000
-5.018938	11.950000
-5.031798	11.960000
-5.044254	11.970000
-5.056305	11.980000
-5.067949	11.990000
-5.079184	12.000000
-5.090010	12.010000
-5.100426	12.020000
-5.110429	12.030000
-5.120020	12.040000
-5.129196	12.050000
-5.137957	12.060000
-5.146302	12.070000
-5.154230	12.080000
-5.161739	12.090000
-5.168829	12.100000
-5.175499	12.110000
-5.181748	12.120000
-5.187575	12.130000
-5.192980	12.140000
-5.197961	12.150000
-5.202518	12.160000
-5.206650	12.170000
-5.210357	12.180000
-5.213637	12.190000
-5.216491	12.200000
-5.218918	12.210000
-5.220917	12.220000
-5.222488	12.230000
-5.223630	12.240000
-5.224343	12.250000
-5.224627	12.260000
-5.224481	12.270000
-5.223905	12.280000
-5.222899	12.290000
-5.221462	12.300000
-5.219595	12.310000
-5.217297	12.320000
-5.214568	12.330000
-5.211408	12.340000
-5.207817	12.350000
-5.203795	12.360000
-5.199342	12.370000
-5.194458	12.380000
-5.189144	12.390000
-5.183399	12.400000
-5.177224	12.410000
-5.170619	12.420000
-5.163583	12.430000
-5.156119	12.440000
-5.148225	12.450000
-5.139902	12.460000
-5.131151	12.470000
-5.121972	12.480000
-5.112365	12.490000
-5.102332	12.500000
-5.091872	12.510000
-5.080987	12.520000
-5.069676	12.530000
-5.057941	12.540000
-5.045783	12.550000
-5.033201	12.560000
-5.020198	12.570000
-5.006773	12.580000
-4.992927	12.590000
-4.978663	12.600000
-4.963979	12.610000
-4.948878	12.620000
-4.933361	12.630000
-4.917427	12.640000
-4.901080	12.650000
-4.884319	12.660000
-4.867146	12.670000
-4.849562	12.680000
-4.831568	12.690000
-4.813166	12.700000
-4.794357	12.710000
-4.775142	12.720000
-4.755522	12.730000
-4.735500	12.740000
-4.715076	12.750000
-4.694251	12.760000
-4.673029	12.770000
-4.651409	12.780000
-4.629394	12.790000
-4.606985	12.800000
-4.584184	12.810000
-4.560992	12.820000
-4.537412	12.830000
-4.513445	12.840000
-4.489092	12.850000
-4.464357	12.860000
-4.439240	12.870000
-4.413743	12.880000
-4.387869	12.890000
-4.361619	12.900000
-4.334996	12.910000
-4.308001	12.920000
-4.280636	12.930000
-4.252904	12.940000
-4.224807	12.950000
-4.196346	12.960000
-4.167525	12.970000
-4.138345	12.980000
-4.108809	12.990000
-4.078918	13.000000
-4.048676	13.010000
-4.018084	13.020000
-3.987146	13.030000
-3.955862	13.040000
-3.924237	13.050000
-3.892271	13.060000
-3.859969	13.070000
-3.827332	13.080000
-3.794363	13.090000
-3.761064	13.100000
-3.727439	13.110000
-3.693490	13.120000
-3.659219	13.130000
-3.624629	13.140000
-3.589724	13.150000
-3.554505	13.160000
-3.518976	13.170000
-3.483139	13.180000
-3.446998	13.190000
-3.410555	13.200000
-3.373813	13.210000
-3.336775	13.220000
-3.299444	13.230000
-3.261823	13.240000
-3.223915	13.250000
-3.185724	13.260000
-3.147251	13.270000
-3.108501	13.280000
-3.069477	13.290000
-3.030181	13.300000
-2.990617	13.310000
-2.950788	13.320000
-2.910697	13.330000
-2.870347	13.340000
-2.829743	13.350000
-2.788886	13.360000
-2.747781	13.370000
-2.706430	13.380000
-2.664838	13.390000
-2.623007	13.400000
-2.580941	13.410000
-2.538644	13.420000
-2.496118	13.430000
-2.453367	13.440000
-2.410396	13.450000
-2.367206	13.460000
-2.323803	13.470000
-2.280188	13.480000
-2.236367	13.490000
-2.192342	13.500000
-2.148118	13.510000
-2.103697	13.520000
-2.059084	13.530000
-2.014282	13.540000
-1.969295	13.550000
-1.924127	13.560000
-1.878781	13.570000
-1.833260	13.580000
-1.787570	13.590000
-1.741713	13.600000
-1.695694	13.610000
-1.649515	13.620000
-1.603182	13.630000
-1.556698	13.640000
-1.510066	13.650000
-1.463290	13.660000
-1.416376	13.670000
-1.369325	13.680000
-1.322143	13.690000
-1.274833	13.700000
-1.227399	13.710000
-1.179845	13.720000
-1.132174	13.730000
-1.084392	13.740000
-1.036502	13.750000
-0.988508	13.760000
-0.940413	13.770000
-0.892223	13.780000
-0.843940	13.790000
-0.795570	13.800000
-0.747115	13.810000
-0.698581	13.820000
-0.649970	13.830000
-0.601288	13.840000
-0.552538	13.850000
-0.503724	13.860000
-0.454851	13.870000
-0.405922	13.880000
-0.356942	13.890000
-0.307914	13.900000
-0.258843	13.910000
-0.209734	13.920000
-0.160589	13.930000
-0.111413	13.940000
-0.062211	13.950000
-0.012986	13.960000
0.036258	13.970000
0.085515	13.980000
0.134783	13.990000
0.184057	14.000000
0.233333	14.010000
0.282607	14.020000
0.331874	14.030000
0.381131	14.040000
0.430373	14.050000
0.479596	14.060000
0.528796	14.070000
0.577969	14.080000
0.627111	14.090000
0.676217	14.100000
0.725284	14.110000
0.774307	14.120000
0.823282	14.130000
0.872205	14.140000
0.921072	14.150000
0.969879	14.160000
1.018622	14.170000
1.067296	14.180000
1.115897	14.190000
1.164422	14.200000
1.212866	14.210000
1.261225	14.220000
1.309495	14.230000
1.357672	14.240000
1.405752	14.250000
1.453731	14.260000
1.501604	14.270000
1.549368	14.280000
1.597019	14.290000
1.644552	14.300000
1.691964	14.310000
1.739250	14.320000
1.786407	14.330000
1.833430	14.340000
1.880316	14.350000
1.927060	14.360000
1.973659	14.370000
2.020108	14.380000
2.066404	14.390000
2.112543	14.400000
2.158521	14.410000
2.204334	14.420000
2.249977	14.430000
2.295448	14.440000
2.340742	14.450000
2.385855	14.460000
2.430784	14.470000
2.475525	14.480000
2.520074	14.490000
2.564427	14.500000
2.608580	14.510000
2.652530	14.520000
2.696273	14.530000
2.739805	14.540000
2.783122	14.550000
2.826221	14.560000
2.869099	14.570000
2.911750	14.580000
2.954173	14.590000
2.996363	14.600000
3.038316	14.610000
3.080029	14.620000
3.121499	14.630000
3.162721	14.640000
3.203694	14.650000
3.244411	14.660000
3.284872	14.670000
3.325071	14.680000
3.365006	14.690000
3.404673	14.700000
3.444069	14.710000
3.483190	14.720000
3.522033	14.730000
3.560595	14.740000
3.598872	14.750000
3.636862	14.760000
3.674560	14.770000
3.711964	14.780000
3.749071	14.790000
3.785877	14.800000
3.822379	14.810000
3.858574	14.820000
3.894459	14.830000
3.930031	14.840000
3.965287	14.850000
4.000223	14.860000
4.034838	14.870000
4.069127	14.880000
4.103088	14.890000
4.136718	14.900000
4.170015	14.910000
4.202975	14.920000
4.235595	14.930000
4.267873	14.940000
4.299806	14.950000
4.331391	14.960000
4.362625	14.970000
4.393506	14.980000
4.424032	14.990000
4.454199	15.000000
4.484005	15.010000
4.513447	15.020000
4.542524	15.030000
4.571231	15.040000
4.599568	15.050000
4.627531	15.060000
4.655119	15.070000
4.682328	15.080000
4.709156	15.090000
4.735601	15.100000
4.761662	15.110000
4.787335	15.120000
4.812618	15.130000
4.837510	15.140000
4.862008	15.150000
4.886109	15.160000
4.909813	15.170000
4.933116	15.180000
4.956018	15.190000
4.978515	15.200000
5.000607	15.210000
5.022290	15.220000
5.043564	15.230000
5.064426	15.240000
5.084875	15.250000
5.104909	15.260000
5.124525	15.270000
5.143724	15.280000
5.162502	15.290000
5.180858	15.300000
5.198791	15.310000
5.216299	15.320000
5.233381	15.330000
5.250035	15.340000
5.266259	15.350000
5.282053	15.360000
5.297415	15.370000
5.312343	15.380000
5.326837	15.390000
5.340895	15.400000
5.354515	15.410000
5.367698	15.420000
5.380441	15.430000
5.392743	15.440000
5.404604	15.450000
5.416022	15.460000
5.426997	15.470000
5.437527	15.480000
5.447612	15.490000
5.457251	15.500000
5.466442	15.510000
5.475186	15.520000
5.483481	15.530000
5.491326	15.540000
5.498722	15.550000
5.505667	15.560000
5.512160	15.570000
5.518202	15.580000
5.523792	15.590000
5.528928	15.600000
5.533612	15.610000
5.537841	15.620000
5.541617	15.630000
5.544938	15.640000
5.547805	15.650000
5.550217	15.660000
5.552173	15.670000
5.553675	15.680000
5.554721	15.690000
5.555311	15.700000
5.555446	15.710000
5.555126	15.720000
5.554349	15.730000
5.553118	15.740000
5.551431	15.750000
5.549289	15.760000
5.546692	15.770000
5.543640	15.780000
5.540134	15.790000
5.536173	15.800000
5.531758	15.810000
5.526890	15.820000
5.521569	15.830000
5.515796	15.840000
5.509570	15.850000
5.502892	15.860000
5.495764	15.870000
5.488185	15.880000
5.480156	15.890000
5.471678	15.900000
5.462752	15.910000
5.453378	15.920000
5.443558	15.930000
5.433291	15.940000
5.422580	15.950000
5.411424	15.960000
5.399826	15.970000
5.387785	15.980000
5.375303	15.990000
5.362380	16.000000
5.349019	16.010000
5.335220	16.020000
5.320985	16.030000
5.306314	16.040000
5.291209	16.050000
5.275671	16.060000
5.259702	16.070000
5.243302	16.080000
5.226474	16.090000
5.209218	16.100000
5.191537	16.110000
5.173431	16.120000
5.154903	16.130000
5.135953	16.140000
5.116584	16.150000
5.096798	16.160000
5.076595	16.170000
5.055977	16.180000
5.034947	16.190000
5.013506	16.200000
4.991656	16.210000
4.969399	16.220000
4.946737	16.230000
4.923672	16.240000
4.900205	16.250000
4.876339	16.260000
4.852075	16.270000
4.827417	16.280000
4.802366	16.290000
4.776923	16.300000
4.751092	16.310000
4.724875	16.320000
4.698273	16.330000
4.671289	16.340000
4.643926	16.350000
4.616185	16.360000
4.588069	16.370000
4.559581	16.380000
4.530723	16.390000
4.501497	16.400000
4.471907	16.410000
4.441953	16.420000
4.411640	16.430000
4.380969	16.440000
4.349943	16.450000
4.318566	16.460000
4.286839	16.470000
4.254765	16.480000
4.222347	16.490000
4.189588	16.500000
4.156491	16.510000
4.123058	16.520000
4.089293	16.530000
4.055198	16.540000
4.020776	16.550000
3.986030	16.560000
3.950963	16.570000
3.915578	16.580000
3.879878	16.590000
3.843866	16.600000
3.807545	16.610000
3.770919	16.620000
3.733991	16.630000
3.696762	16.640000
3.659238	16.650000
3.621421	16.660000
3.583314	16.670000
3.544920	16.680000
3.506243	16.690000
3.467286	16.700000
3.428053	16.710000
3.388546	16.720000
3.348770	16.730000
3.308727	16.740000
3.268421	16.750000
3.227855	16.760000
3.187033	16.770000
3.145958	16.780000
3.104635	16.790000
3.063065	16.800000
3.021254	16.810000
2.979204	16.820000
2.936919	16.830000
2.894403	16.840000
2.851659	16.850000
2.808690	16.860000
2.765502	16.870000
2.722097	16.880000
2.678478	16.890000
2.634651	16.900000
2.590618	16.910000
2.546382	16.920000
2.501949	16.930000
2.457322	16.940000
2.412504	16.950000
2.367499	16.960000
2.322312	16.970000
2.276945	16.980000
2.231404	16.990000
2.185691	17.000000
2.139810	17.010000
2.093767	17.020000
2.047563	17.030000
2.001204	17.040000
1.954693	17.050000
1.908035	17.060000
1.861232	17.070000
1.814290	17.080000
1.767212	17.090000
1.720002	17.100000
1.672664	17.110000
1.625202	17.120000
1.577621	17.130000
1.529924	17.140000
1.482115	17.150000
1.434198	17.160000
1.386177	17.170000
1.338058	17.180000
1.289842	17.190000
1.241535	17.200000
1.193141	17.210000
1.144664	17.220000
1.096107	17.230000
1.047476	17.240000
0.998773	17.250000
0.950004	17.260000
0.901172	17.270000
0.852281	17.280000
0.803337	17.290000
0.754341	17.300000
0.705300	17.310000
0.656217	17.320000
0.607095	17.330000
0.557940	17.340000
0.508756	17.350000
0.459546	17.360000
0.410314	17.370000
0.361066	17.380000
0.311805	17.390000
0.262534	17.400000
0.213259	17.410000
0.163984	17.420000
0.114712	17.430000
0.065447	17.440000
0.016195	17.450000
-0.033041	17.460000
-0.082258	17.470000
-0.131450	17.480000
-0.180613	17.490000
-0.229744	17.500000
-0.278839	17.510000
-0.327892	17.520000
-0.376901	17.530000
-0.425861	17.540000
-0.474768	17.550000
-0.523617	17.560000
-0.572405	17.570000
-0.621128	17.580000
-0.669782	17.590000
-0.718362	17.600000
-0.766864	17.610000
-0.815285	17.620000
-0.863620	17.630000
-0.911866	17.640000
-0.960018	17.650000
-1.008072	17.660000
-1.056024	17.670000
-1.103871	17.680000
-1.151608	17.690000
-1.199231	17.700000
-1.246737	17.710000
-1.294121	17.720000
-1.341380	17.730000
-1.388509	17.740000
-1.435504	17.750000
-1.482363	17.760000
-1.529080	17.770000
-1.575652	17.780000
-1.622076	17.790000
-1.668346	17.800000
-1.714460	17.810000
-1.760414	17.820000
-1.806204	17.830000
-1.851825	17.840000
-1.897275	17.850000
-1.942549	17.860000
-1.987644	17.870000
-2.032556	17.880000
-2.077282	17.890000
-2.121817	17.900000
-2.166158	17.910000
-2.210302	17.920000
-2.254244	17.930000
-2.297981	17.940000
-2.341510	17.950000
-2.384827	17.960000
-2.427928	17.970000
-2.470810	17.980000
-2.513469	17.990000
-2.555903	18.000000
-2.598106	18.010000
-2.640077	18.020000
-2.681811	18.030000
-2.723305	18.040000
-2.764556	18.050000
-2.805561	18.060000
-2.846315	18.070000
-2.886816	18.080000
-2.927061	18.090000
-2.967045	18.100000
-3.006767	18.110000
-3.046222	18.120000
-3.085408	18.130000
-3.124321	18.140000
-3.162958	18.150000
-3.201317	18.160000
-3.239393	18.170000
-3.277184	18.180000
-3.314687	18.190000
-3.351899	18.200000
-3.388817	18.210000
-3.425437	18.220000
-3.461758	18.230000
-3.497775	18.240000
-3.533487	18.250000
-3.568890	18.260000
-3.603982	18.270000
-3.638759	18.280000
-3.673219	18.290000
-3.707359	18.300000
-3.741177	18.310000
-3.774669	18.320000
-3.807834	18.330000
-3.840668	18.340000
-3.873169	18.350000
-3.905335	18.360000
-3.937162	18.370000
-3.968648	18.380000
-3.999791	18.390000
-4.030589	18.400000
-4.061039	18.410000
-4.091138	18.420000
-4.120885	18.430000
-4.150276	18.440000
-4.179310	18.450000
-4.207985	18.460000
-4.236297	18.470000
-4.264246	18.480000
-4.291829	18.490000
-4.319043	18.500000
-4.345887	18.510000
-4.372358	18.520000
-4.398455	18.530000
-4.424176	18.540000
-4.449518	18.550000
-4.474480	18.560000
-4.499060	18.570000
-4.523255	18.580000
-4.547065	18.590000
-4.570487	18.600000
-4.593520	18.610000
-4.616161	18.620000
-4.638410	18.630000
-4.660264	18.640000
-4.681723	18.650000
-4.702783	18.660000
-4.723445	18.670000
-4.743705	18.680000
-4.763564	18.690000
-4.783019	18.700000
-4.802069	18.710000
-4.820713	18.720000
-4.838948	18.730000
-4.856775	18.740000
-4.874192	18.750000
-4.891197	18.760000
-4.907790	18.770000
-4.923969	18.780000
-4.939733	18.790000
-4.955081	18.800000
-4.970012	18.810000
-4.984525	18.820000
-4.998619	18.830000
-5.012293	18.840000
-5.025546	18.850000
-5.038378	18.860000
-5.050787	18.870000
-5.062774	18.880000
-5.074336	18.890000
-5.085473	18.900000
-5.096185	18.910000
-5.106471	18.920000
-5.116331	18.930000
-5.125763	18.940000
-5.134768	18.950000
-5.143345	18.960000
-5.151493	18.970000
-5.159212	18.980000
-5.166502	18.990000
-5.173362	19.000000
-5.179792	19.010000
-5.185792	19.020000
-5.191362	19.030000
-5.196500	19.040000
-5.201209	19.050000
-5.205486	19.060000
-5.209332	19.070000
-5.212748	19.080000
-5.215732	19.090000
-5.218285	19.100000
-5.220408	19.110000
-5.222100	19.120000
-5.223361	19.130000
-5.224192	19.140000
-5.224593	19.150000
-5.224564	19.160000
-5.224105	19.170000
-5.223217	19.180000
-5.221900	19.190000
-5.220155	19.200000
-5.217982	19.210000
-5.215381	19.220000
-5.212353	19.230000
-5.208899	19.240000
-5.205019	19.250000
-5.200713	19.260000
-5.195983	19.270000
-5.190830	19.280000
-5.185253	19.290000
-5.179254	19.300000
-5.172833	19.310000
-5.165992	19.320000
-5.158731	19.330000
-5.151051	19.340000
-5.142954	19.350000
-5.134439	19.360000
-5.125509	19.370000
-5.116163	19.380000
-5.106404	19.390000
-5.096233	19.400000
-5.085650	19.410000
-5.074657	19.420000
-5.063255	19.430000
-5.051445	19.440000
-5.039230	19.450000
-5.026608	19.460000
-5.013584	19.470000
-5.000157	19.480000
-4.986329	19.490000
-4.972102	19.500000
-4.957478	19.510000
-4.942457	19.520000
-4.927041	19.530000
-4.911232	19.540000
-4.895032	19.550000
-4.878442	19.560000
-4.861464	19.570000
-4.844100	19.580000
-4.826351	19.590000
-4.808220	19.600000
-4.789708	19.610000
-4.770816	19.620000
-4.751548	19.630000
-4.731905	19.640000
-4.711888	19.650000
-4.691500	19.660000
-4.670743	19.670000
-4.649619	19.680000
-4.628130	19.690000
-4.606277	19.700000
-4.584065	19.710000
-4.561493	19.720000
-4.538565	19.730000
-4.515283	19.740000
-4.491649	19.750000
-4.467666	19.760000
-4.443335	19.770000
-4.418660	19.780000
-4.393641	19.790000
-4.368283	19.800000
-4.342587	19.810000
-4.316556	19.820000
-4.290192	19.830000
-4.263498	19.840000
-4.236476	19.850000
-4.209129	19.860000
-4.181459	19.870000
-4.153469	19.880000
-4.125163	19.890000
-4.096541	19.900000
-4.067608	19.910000
-4.038366	19.920000
-4.008817	19.930000
-3.978964	19.940000
-3.948811	19.950000
-3.918359	19.960000
-3.887613	19.970000
-3.856574	19.980000
-3.825245	19.990000
-3.793631	20.000000
-3.761732	20.010000
-3.729553	20.020000
-3.697096	20.030000
-3.664364	20.040000
-3.631361	20.050000
-3.598090	20.060000
-3.564552	20.070000
-3.530753	20.080000
-3.496694	20.090000
-3.462378	20.100000
-3.427810	20.110000
-3.392992	20.120000
-3.357927	20.130000
-3.322618	20.140000
-3.287069	20.150000
-3.251283	20.160000
-3.215263	20.170000
-3.179013	20.180000
-3.142535	20.190000
-3.105834	20.200000
-3.068912	20.210000
-3.031772	20.220000
-2.994419	20.230000
-2.956855	20.240000
-2.919084	20.250000
-2.881109	20.260000
-2.842934	20.270000
-2.804561	20.280000
-2.765996	20.290000
-2.727240	20.300000
-2.688298	20.310000
-2.649172	20.320000
-2.609868	20.330000
-2.570387	20.340000
-2.530733	20.350000
-2.490911	20.360000
-2.450923	20.370000
-2.410773	20.380000
-2.370465	20.390000
-2.330002	20.400000
-2.289388	20.410000
-2.248627	20.420000
-2.207721	20.430000
-2.166675	20.440000
-2.125493	20.450000
-2.084177	20.460000
-2.042732	20.470000
-2.001161	20.480000
-1.959468	20.490000
-1.917657	20.500000
-1.875731	20.510000
-1.833694	20.520000
-1.791549	20.530000
-1.749301	20.540000
-1.706952	20.550000
-1.664508	20.560000
-1.621970	20.570000
-1.579344	20.580000
-1.536633	20.590000
-1.493840	20.600000
-1.450969	20.610000
-1.408025	20.620000
-1.365010	20.630000
-1.321928	20.640000
-1.278784	20.650000
-1.235581	20.660000
-1.192322	20.670000
-1.149012	20.680000
-1.105654	20.690000
-1.062252	20.700000
-1.018809	20.710000
-0.975330	20.720000
-0.931818	20.730000
-0.888276	20.740000
-0.844710	20.750000
-0.801121	20.760000
-0.757515	20.770000
-0.713894	20.780000
-0.670263	20.790000
-0.626625	20.800000
-0.582984	20.810000
-0.539344	20.820000
-0.495708	20.830000
-0.452080	20.840000
-0.408464	20.850000
-0.364864	20.860000
-0.321283	20.870000
-0.277724	20.880000
-0.234193	20.890000
-0.190691	20.900000
-0.147224	20.910000
-0.103794	20.920000
-0.060405	20.930000
-0.017061	20.940000
0.026234	20.950000
0.069477	20.960000
0.112664	20.970000
0.155792	20.980000
0.198856	20.990000
0.241854	21.000000
0.284782	21.010000
0.327636	21.020000
0.370412	21.030000
0.413108	21.040000
0.455719	21.050000
0.498242	21.060000
0.540673	21.070000
0.583009	21.080000
0.625247	21.090000
0.667383	21.100000
0.709413	21.110000
0.751334	21.120000
0.793142	21.130000
0.834835	21.140000
0.876408	21.150000
0.917859	21.160000
0.959183	21.170000
1.000378	21.180000
1.041440	21.190000
1.082366	21.200000
1.123152	21.210000
1.163795	21.220000
1.204292	21.230000
1.244640	21.240000
1.284835	21.250000
1.324873	21.260000
1.364753	21.270000
1.404470	21.280000
1.444022	21.290000
1.483404	21.300000
1.522615	21.310000
1.561651	21.320000
1.600508	21.330000
1.639184	21.340000
1.677676	21.350000
1.715980	21.360000
1.754093	21.370000
1.792013	21.380000
1.829736	21.390000
1.867260	21.400000
1.904581	21.410000
1.941697	21.420000
1.978604	21.430000
2.015300	21.440000
2.051782	21.450000
2.088047	21.460000
2.124092	21.470000
2.159914	21.480000
2.195511	21.490000
2.230880	21.500000
2.266017	21.510000
2.300921	21.520000
2.335589	21.530000
2.370018	21.540000
2.404205	21.550000
2.438147	21.560000
2.471843	21.570000
2.505289	21.580000
2.538484	21.590000
2.571423	21.600000
2.604106	21.610000
2.636529	21.620000
2.668691	21.630000
2.700588	21.640000
2.732218	21.650000
2.763579	21.660000
2.794669	21.670000
2.825485	21.680000
2.856025	21.690000
2.886287	21.700000
2.916268	21.710000
2.945966	21.720000
2.975380	21.730000
3.004507	21.740000
3.033344	21.750000
3.061890	21.760000
3.090143	21.770000
3.118101	21.780000
3.145761	21.790000
3.173122	21.800000
3.200181	21.810000
3.226938	21.820000
3.253389	21.830000
3.279534	21.840000
3.305369	21.850000
3.330895	21.860000
3.356108	21.870000
3.381006	21.880000
3.405589	21.890000
3.429855	21.900000
3.453802	21.910000
3.477427	21.920000
3.500731	21.930000
3.523711	21.940000
3.546365	21.950000
3.568692	21.960000
3.590691	21.970000
3.612361	21.980000
3.633699	21.990000
3.654704	22.000000
3.675376	22.010000
3.695712	22.020000
3.715712	22.030000
3.735374	22.040000
3.754698	22.050000
3.773681	22.060000
3.792323	22.070000
3.810622	22.080000
3.828578	22.090000
3.846190	22.100000
3.863456	22.110000
3.880375	22.120000
3.896947	22.130000
3.913170	22.140000
3.929044	22.150000
3.944568	22.160000
3.959741	22.170000
3.974562	22.180000
3.989030	22.190000
4.003145	22.200000
4.016906	22.210000
4.030313	22.220000
4.043364	22.230000
4.056059	22.240000
4.068398	22.250000
4.080379	22.260000
4.092003	22.270000
4.103269	22.280000
4.114177	22.290000
4.124725	22.300000
4.134915	22.310000
4.144745	22.320000
4.154215	22.330000
4.163324	22.340000
4.172074	22.350000
4.180462	22.360000
4.188490	22.370000
4.196157	22.380000
4.203463	22.390000
4.210407	22.400000
4.216991	22.410000
4.223213	22.420000
4.229074	22.430000
4.234574	22.440000
4.239712	22.450000
4.244490	22.460000
4.248907	22.470000
4.252963	22.480000
4.256658	22.490000
4.259994	22.500000
4.262969	22.510000
4.265585	22.520000
4.267842	22.530000
4.269739	22.540000
4.271278	22.550000
4.272459	22.560000
4.273282	22.570000
4.273748	22.580000
4.273857	22.590000
4.273610	22.600000
4.273007	22.610000
4.272050	22.620000
4.270738	22.630000
4.269073	22.640000
4.267055	22.650000
4.264685	22.660000
4.261963	22.670000
4.258891	22.680000
4.255468	22.690000
4.251697	22.700000
4.247578	22.710000
4.243112	22.720000
4.238300	22.730000
4.233143	22.740000
4.227641	22.750000
4.221796	22.760000
4.215610	22.770000
4.209082	22.780000
4.202214	22.790000
4.195008	22.800000
4.187464	22.810000
4.179584	22.820000
4.171369	22.830000
4.162820	22.840000
4.153938	22.850000
4.144726	22.860000
4.135183	22.870000
4.125312	22.880000
4.115114	22.890000
4.104591	22.900000
4.093743	22.910000
4.082573	22.920000
4.071081	22.930000
4.059270	22.940000
4.047141	22.950000
4.034695	22.960000
4.021934	22.970000
4.008861	22.980000
3.995475	22.990000
3.981780	23.000000
3.967777	23.010000
3.953467	23.020000
3.938853	23.030000
3.923936	23.040000
3.908718	23.050000
3.893201	23.060000
3.877387	23.070000
3.861277	23.080000
3.844874	23.090000
3.828179	23.100000
3.811194	23.110000
3.793923	23.120000
3.776365	23.130000
3.758524	23.140000
3.740401	23.150000
3.721999	23.160000
3.703320	23.170000
3.684365	23.180000
3.665138	23.190000
3.645639	23.200000
3.625872	23.210000
3.605838	23.220000
3.585540	23.230000
3.564980	23.240000
3.544160	23.250000
3.523083	23.260000
3.501750	23.270000
3.480164	23.280000
3.458328	23.290000
3.436244	23.300000
3.413914	23.310000
3.391340	23.320000
3.368526	23.330000
3.345473	23.340000
3.322183	23.350000
3.298661	23.360000
3.274907	23.370000
3.250924	23.380000
3.226715	23.390000
3.202282	23.400000
3.177629	23.410000
3.152757	23.420000
3.127669	23.430000
3.102367	23.440000
3.076855	23.450000
3.051135	23.460000
3.025210	23.470000
2.999081	23.480000
2.972753	23.490000
2.946227	23.500000
2.919506	23.510000
2.892594	23.520000
2.865492	23.530000
2.838203	23.540000
2.810730	23.550000
2.783077	23.560000
2.755245	23.570000
2.727238	23.580000
2.699058	23.590000
2.670708	23.600000
2.642190	23.610000
2.613509	23.620000
2.584666	23.630000
2.555664	23.640000
2.526507	23.650000
2.497197	23.660000
2.467737	23.670000
2.438129	23.680000
2.408378	23.690000
2.378485	23.700000
2.348453	23.710000
2.318286	23.720000
2.287986	23.730000
2.257557	23.740000
2.227001	23.750000
2.196321	23.760000
2.165520	23.770000
2.134601	23.780000
2.103568	23.790000
2.072422	23.800000
2.041167	23.810000
2.009806	23.820000
1.978342	23.830000
1.946778	23.840000
1.915117	23.850000
1.883361	23.860000
1.851514	23.870000
1.819580	23.880000
1.787560	23.890000
1.755457	23.900000
1.723276	23.910000
1.691019	23.920000
1.658688	23.930000
1.626287	23.940000
1.593819	23.950000
1.561287	23.960000
1.528693	23.970000
1.496042	23.980000
1.463335	23.990000
1.430576	24.000000
1.397768	24.010000
1.364914	24.020000
1.332017	24.030000
1.299079	24.040000
1.266105	24.050000
1.233096	24.060000
1.200057	24.070000
1.166989	24.080000
1.133895	24.090000
1.100780	24.100000
1.067646	24.110000
1.034495	24.120000
1.001331	24.130000
0.968157	24.140000
0.934975	24.150000
0.901789	24.160000
0.868602	24.170000
0.835416	24.180000
0.802234	24.190000
0.769060	24.200000
0.735897	24.210000
0.702747	24.220000
0.669612	24.230000
0.636497	24.240000
0.603404	24.250000
0.570336	24.260000
0.537296	24.270000
0.504286	24.280000
0.471310	24.290000
0.438370	24.300000
0.405469	24.310000
0.372610	24.320000
0.339797	24.330000
0.307031	24.340000
0.274315	24.350000
0.241653	24.360000
0.209047	24.370000
0.176500	24.380000
0.144015	24.390000
0.111594	24.400000
0.079240	24.410000
0.046957	24.420000
0.014745	24.430000
-0.017390	24.440000
-0.049448	24.450000
-0.081425	24.460000
-0.113318	24.470000
-0.145126	24.480000
-0.176845	24.490000
-0.208472	24.500000
-0.240005	24.510000
-0.271442	24.520000
-0.302780	24.530000
-0.334016	24.540000
-0.365147	24.550000
-0.396172	24.560000
-0.427087	24.570000
-0.457891	24.580000
-0.488579	24.590000
-0.519152	24.600000
-0.549604	24.610000
-0.579935	24.620000
-0.610142	24.630000
-0.640222	24.640000
-0.670173	24.650000
-0.699992	24.660000
-0.729677	24.670000
-0.759227	24.680000
-0.788638	24.690000
-0.817908	24.700000
-0.847035	24.710000
-0.876016	24.720000
-0.904850	24.730000
-0.933534	24.740000
-0.962066	24.750000
-0.990443	24.760000
-1.018664	24.770000
-1.046727	24.780000
-1.074628	24.790000
-1.102367	24.800000
-1.129940	24.810000
-1.157346	24.820000
-1.184583	24.830000
-1.211649	24.840000
-1.238542	24.850000
-1.265259	24.860000
-1.291799	24.870000
-1.318159	24.880000
-1.344339	24.890000
-1.370335	24.900000
-1.396147	24.910000
-1.421771	24.920000
-1.447207	24.930000
-1.472452	24.940000
-1.497505	24.950000
-1.522364	24.960000
-1.547026	24.970000
-1.571491	24.980000
-1.595757	24.990000
-1.619821	25.000000
-1.643683	25.010000
-1.667340	25.020000
-1.690792	25.030000
-1.714035	25.040000
-1.737069	25.050000
-1.759893	25.060000
-1.782504	25.070000
-1.804901	25.080000
-1.827083	25.090000
-1.849048	25.100000
-1.870794	25.110000
-1.892321	25.120000
-1.913627	25.130000
-1.934711	25.140000
-1.955570	25.150000
-1.976205	25.160000
-1.996613	25.170000
-2.016793	25.180000
-2.036744	25.190000
-2.056466	25.200000
-2.075955	25.210000
-2.095212	25.220000
-2.114236	25.230000
-2.133025	25.240000
-2.151577	25.250000
-2.169893	25.260000
-2.187971	25.270000
-2.205809	25.280000
-2.223408	25.290000
-2.240765	25.300000
-2.257881	25.310000
-2.274753	25.320000
-2.291382	25.330000
-2.307766	25.340000
-2.323904	25.350000
-2.339796	25.360000
-2.355441	25.370000
-2.370838	25.380000
-2.385986	25.390000
-2.400885	25.400000
-2.415533	25.410000
-2.429931	25.420000
-2.444078	25.430000
-2.457972	25.440000
-2.471614	25.450000
-2.485002	25.460000
-2.498137	25.470000
-2.511018	25.480000
-2.523644	25.490000
-2.536015	25.500000
-2.548130	25.510000
-2.559989	25.520000
-2.571591	25.530000
-2.582937	25.540000
-2.594026	25.550000
-2.604857	25.560000
-2.615431	25.570000
-2.625746	25.580000
-2.635804	25.590000
-2.645603	25.600000
-2.655143	25.610000
-2.664425	25.620000
-2.673447	25.630000
-2.682211	25.640000
-2.690716	25.650000
-2.698961	25.660000
-2.706947	25.670000
-2.714675	25.680000
-2.722143	25.690000
-2.729352	25.700000
-2.736302	25.710000
-2.742993	25.720000
-2.749425	25.730000
-2.755599	25.740000
-2.761514	25.750000
-2.767171	25.760000
-2.772570	25.770000
-2.777711	25.780000
-2.782594	25.790000
-2.787220	25.800000
-2.791589	25.810000
-2.795702	25.820000
-2.799559	25.830000
-2.803159	25.840000
-2.806504	25.850000
-2.809595	25.860000
-2.812430	25.870000
-2.815012	25.880000
-2.817340	25.890000
-2.819415	25.900000
-2.821238	25.910000
-2.822809	25.920000
-2.824129	25.930000
-2.825198	25.940000
-2.826017	25.950000
-2.826587	25.960000
-2.826908	25.970000
-2.826982	25.980000
-2.826808	25.990000
-2.826388	26.000000
-2.825722	26.010000
-2.824812	26.020000
-2.823657	26.030000
-2.822260	26.040000
-2.820620	26.050000
-2.818739	26.060000
-2.816618	26.070000
-2.814257	26.080000
-2.811657	26.090000
-2.808820	26.100000
-2.805747	26.110000
-2.802438	26.120000
-2.798895	26.130000
-2.795118	26.140000
-2.791109	26.150000
-2.786869	26.160000
-2.782398	26.170000
-2.777699	26.180000
-2.772772	26.190000
-2.767618	26.200000
-2.762239	26.210000
-2.756636	26.220000
-2.750810	26.230000
-2.744762	26.240000
-2.738494	26.250000
-2.732007	26.260000
-2.725302	26.270000
-2.718381	26.280000
-2.711244	26.290000
-2.703894	26.300000
-2.696332	26.310000
-2.688559	26.320000
-2.680576	26.330000
-2.672385	26.340000
-2.663987	26.350000
-2.655385	26.360000
-2.646579	26.370000
-2.637570	26.380000
-2.628361	26.390000
-2.618953	26.400000
-2.609348	26.410000
-2.599546	26.420000
-2.589551	26.430000
-2.579362	26.440000
-2.568982	26.450000
-2.558413	26.460000
-2.547656	26.470000
-2.536713	26.480000
-2.525585	26.490000
-2.514275	26.500000
-2.502783	26.510000
-2.491112	26.520000
-2.479263	26.530000
-2.467239	26.540000
-2.455040	26.550000
-2.442669	26.560000
-2.430127	26.570000
-2.417416	26.580000
-2.404538	26.590000
-2.391495	26.600000
-2.378289	26.610000
-2.364921	26.620000
-2.351393	26.630000
-2.337708	26.640000
-2.323866	26.650000
-2.309871	26.660000
-2.295723	26.670000
-2.281425	26.680000
-2.266979	26.690000
-2.252386	26.700000
-2.237649	26.710000
-2.222769	26.720000
-2.207748	26.730000
-2.192589	26.740000
-2.177293	26.750000
-2.161863	26.760000
-2.146300	26.770000
-2.130606	26.780000
-2.114783	26.790000
-2.098834	26.800000
-2.082760	26.810000
-2.066563	26.820000
-2.050246	26.830000
-2.033810	26.840000
-2.017257	26.850000
-2.000590	26.860000
-1.983811	26.870000
-1.966921	26.880000
-1.949923	26.890000
-1.932818	26.900000
-1.915609	26.910000
-1.898299	26.920000
-1.880888	26.930000
-1.863379	26.940000
-1.845775	26.950000
-1.828077	26.960000
-1.810287	26.970000
-1.792407	26.980000
-1.774440	26.990000
-1.756388	27.000000
-1.738253	27.010000
-1.720037	27.020000
-1.701741	27.030000
-1.683369	27.040000
-1.664922	27.050000
-1.646403	27.060000
-1.627813	27.070000
-1.609154	27.080000
-1.590430	27.090000
-1.571641	27.100000
-1.552790	27.110000
-1.533880	27.120000
-1.514912	27.130000
-1.495888	27.140000
-1.476811	27.150000
-1.457682	27.160000
-1.438504	27.170000
-1.419279	27.180000
-1.400010	27.190000
-1.380697	27.200000
-1.361343	27.210000
-1.341951	27.220000
-1.322523	27.230000
-1.303060	27.240000
-1.283565	27.250000
-1.264039	27.260000
-1.244486	27.270000
-1.224906	27.280000
-1.205303	27.290000
-1.185678	27.300000
-1.166033	27.310000
-1.146370	27.320000
-1.126692	27.330000
-1.107001	27.340000
-1.087298	27.350000
-1.067585	27.360000
-1.047866	27.370000
-1.028141	27.380000
-1.008413	27.390000
-0.988684	27.400000
-0.968955	27.410000
-0.949230	27.420000
-0.929509	27.430000
-0.909796	27.440000
-0.890091	27.450000
-0.870398	27.460000
-0.850717	27.470000
-0.831051	27.480000
-0.811402	27.490000
-0.791772	27.500000
-0.772163	27.510000
-0.752576	27.520000
-0.733014	27.530000
-0.713479	27.540000
-0.693972	27.550000
-0.674496	27.560000
-0.655052	27.570000
-0.635643	27.580000
-0.616270	27.590000
-0.596934	27.600000
-0.577639	27.610000
-0.558385	27.620000
-0.539175	27.630000
-0.520011	27.640000
-0.500894	27.650000
-0.481825	27.660000
-0.462808	27.670000
-0.443843	27.680000
-0.424933	27.690000
-0.406079	27.700000
-0.387283	27.710000
-0.368547	27.720000
-0.349872	27.730000
-0.331260	27.740000
-0.312713	27.750000
-0.294233	27.760000
-0.275821	27.770000
-0.257479	27.780000
-0.239208	27.790000
-0.221011	27.800000
-0.202888	27.810000
-0.184842	27.820000
-0.166874	27.830000
-0.148985	27.840000
-0.131178	27.850000
-0.113453	27.860000
-0.095812	27.870000
-0.078258	27.880000
-0.060791	27.890000
-0.043412	27.900000
-0.026124	27.910000
-0.008927	27.920000
0.008176	27.930000
0.025184	27.940000
0.042097	27.950000
0.058912	27.960000
0.075628	27.970000
0.092244	27.980000
0.108758	27.990000
0.125169	28.000000
0.141476	28.010000
0.157678	28.020000
0.173772	28.030000
0.189759	28.040000
0.205636	28.050000
0.221402	28.060000
0.237057	28.070000
0.252598	28.080000
0.268025	28.090000
0.283337	28.100000
0.298532	28.110000
0.313610	28.120000
0.328568	28.130000
0.343406	28.140000
0.358124	28.150000
0.372719	28.160000
0.387191	28.170000
0.401539	28.180000
0.415761	28.190000
0.429858	28.200000
0.443827	28.210000
0.457668	28.220000
0.471379	28.230000
0.484961	28.240000
0.498412	28.250000
0.511730	28.260000
0.524916	28.270000
0.537969	28.280000
0.550887	28.290000
0.563670	28.300000
0.576317	28.310000
0.588826	28.320000
0.601199	28.330000
0.613433	28.340000
0.625528	28.350000
0.637483	28.360000
0.649298	28.370000
0.660972	28.380000
0.672504	28.390000
0.683893	28.400000
0.695140	28.410000
0.706243	28.420000
0.717202	28.430000
0.728016	28.440000
0.738685	28.450000
0.749208	28.460000
0.759585	28.470000
0.769816	28.480000
0.779899	28.490000
0.789835	28.500000
0.799622	28.510000
0.809261	28.520000
0.818752	28.530000
0.828093	28.540000
0.837285	28.550000
0.846327	28.560000
0.855218	28.570000
0.863960	28.580000
0.872551	28.590000
0.880991	28.600000
0.889279	28.610000
0.897417	28.620000
0.905403	28.630000
0.913237	28.640000
0.920919	28.650000
0.928450	28.660000
0.935828	28.670000
0.943054	28.680000
0.950128	28.690000
0.957050	28.700000
0.963819	28.710000
0.970436	28.720000
0.976901	28.730000
0.983213	28.740000
0.989373	28.750000
0.995381	28.760000
1.001237	28.770000
1.006940	28.780000
1.012492	28.790000
1.017892	28.800000
1.023140	28.810000
1.028237	28.820000
1.033182	28.830000
1.037977	28.840000
1.042620	28.850000
1.047113	28.860000
1.051456	28.870000
1.055649	28.880000
1.059691	28.890000
1.063585	28.900000
1.067329	28.910000
1.070924	28.920000
1.074372	28.930000
1.077671	28.940000
1.080822	28.950000
1.083826	28.960000
1.086684	28.970000
1.089395	28.980000
1.091960	28.990000
1.094380	29.000000
1.096655	29.010000
1.098786	29.020000
1.100773	29.030000
1.102616	29.040000
1.104318	29.050000
1.105877	29.060000
1.107294	29.070000
1.108571	29.080000
1.109707	29.090000
1.110704	29.100000
1.111562	29.110000
1.112282	29.120000
1.112864	29.130000
1.113310	29.140000
1.113619	29.150000
1.113794	29.160000
1.113833	29.170000
1.113739	29.180000
1.113512	29.190000
1.113152	29.200000
1.112662	29.210000
1.112040	29.220000
1.111290	29.230000
1.110410	29.240000
1.109402	29.250000
1.108267	29.260000
1.107006	29.270000
1.105620	29.280000
1.104109	29.290000
1.102476	29.300000
1.100719	29.310000
1.098842	29.320000
1.096843	29.330000
1.094726	29.340000
1.092490	29.350000
1.090136	29.360000
1.087666	29.370000
1.085081	29.380000
1.082381	29.390000
1.079568	29.400000
1.076643	29.410000
1.073607	29.420000
1.070461	29.430000
1.067207	29.440000
1.063844	29.450000
1.060375	29.460000
1.056800	29.470000
1.053121	29.480000
1.049340	29.490000
1.045456	29.500000
1.041471	29.510000
1.037387	29.520000
1.033204	29.530000
1.028925	29.540000
1.024549	29.550000
1.020079	29.560000
1.015516	29.570000
1.010860	29.580000
1.006113	29.590000
1.001277	29.600000
0.996353	29.610000
0.991341	29.620000
0.986243	29.630000
0.981062	29.640000
0.975796	29.650000
0.970450	29.660000
0.965022	29.670000
0.959516	29.680000
0.953931	29.690000
0.948270	29.700000
0.942534	29.710000
0.936724	29.720000
0.930842	29.730000
0.924889	29.740000
0.918866	29.750000
0.912774	29.760000
0.906616	29.770000
0.900392	29.780000
0.894104	29.790000
0.887753	29.800000
0.881341	29.810000
0.874870	29.820000
0.868339	29.830000
0.861752	29.840000
0.855108	29.850000
0.848411	29.860000
0.841661	29.870000
0.834859	29.880000
0.828008	29.890000
0.821108	29.900000
0.814160	29.910000
0.807168	29.920000
0.800131	29.930000
0.793051	29.940000
0.785930	29.950000
0.778769	29.960000
0.771570	29.970000
0.764334	29.980000
0.757063	29.990000
0.749757	30.000000
0.742419	30.010000
0.735050	30.020000
0.727651	30.030000
0.720224	30.040000
0.712770	30.050000
0.705291	30.060000
0.697788	30.070000
0.690263	30.080000
0.682717	30.090000
0.675151	30.100000
0.667567	30.110000
0.659967	30.120000
0.652352	30.130000
0.644723	30.140000
0.637082	30.150000
0.629430	30.160000
0.621769	30.170000
0.614100	30.180000
0.606425	30.190000
0.598744	30.200000
0.591060	30.210000
0.583374	30.220000
0.575687	30.230000
0.568001	30.240000
0.560317	30.250000
0.552636	30.260000
0.544961	30.270000
0.537291	30.280000
0.529630	30.290000
0.521977	30.300000
0.514335	30.310000
0.506705	30.320000
0.499089	30.330000
0.491487	30.340000
0.483901	30.350000
0.476332	30.360000
0.468782	30.370000
0.461253	30.380000
0.453744	30.390000
0.446259	30.400000
0.438798	30.410000
0.431362	30.420000
0.423953	30.430000
0.416572	30.440000
0.409220	30.450000
0.401899	30.460000
0.394610	30.470000
0.387354	30.480000
0.380133	30.490000
0.372947	30.500000
0.365799	30.510000
0.358689	30.520000
0.351618	30.530000
0.344588	30.540000
0.337600	30.550000
0.330655	30.560000
0.323755	30.570000
0.316900	30.580000
0.310092	30.590000
0.303332	30.600000
0.296621	30.610000
0.289961	30.620000
0.283351	30.630000
0.276795	30.640000
0.270291	30.650000
0.263843	30.660000
0.257451	30.670000
0.251115	30.680000
0.244838	30.690000
0.238619	30.700000
0.232461	30.710000
0.226364	30.720000
0.220330	30.730000
0.214358	30.740000
0.208451	30.750000
0.202610	30.760000
0.196834	30.770000
0.191126	30.780000
0.185486	30.790000
0.179915	30.800000
0.174414	30.810000
0.168984	30.820000
0.163627	30.830000
0.158342	30.840000
0.153131	30.850000
0.147994	30.860000
0.142933	30.870000
0.137948	30.880000
0.133040	30.890000
0.128211	30.900000
0.123460	30.910000
0.118788	30.920000
0.114197	30.930000
0.109688	30.940000
0.105260	30.950000
0.100914	30.960000
0.096652	30.970000
0.092474	30.980000
0.088381	30.990000
0.084373	31.000000
0.080451	31.010000
0.076616	31.020000
0.072868	31.030000
0.069208	31.040000
0.065637	31.050000
0.062155	31.060000
0.058763	31.070000
0.055461	31.080000
0.052250	31.090000
0.049130	31.100000
0.046102	31.110000
0.043167	31.120000
0.040325	31.130000
0.037575	31.140000
0.034920	31.150000
0.032359	31.160000
0.029893	31.170000
0.027521	31.180000
0.025246	31.190000
0.023066	31.200000
0.020982	31.210000
0.018994	31.220000
0.017104	31.230000
0.015311	31.240000
0.013615	31.250000
0.012017	31.260000
0.010517	31.270000
0.009115	31.280000
0.007812	31.290000
0.006608	31.300000
0.005502	31.310000
0.004496	31.320000
0.003588	31.330000
0.002780	31.340000
0.002072	31.350000
0.001463	31.360000
0.000954	31.370000
0.000545	31.380000
0.000236	31.390000
0.000027	31.400000
