0.000000	0.000000
0.000100	0.010000
0.000100	0.020000
0.000100	0.030000
0.000100	0.040000
0.000100	0.050000
0.000100	0.060000
0.000100	0.070000
0.000100	0.080000
0.000100	0.090000
0.000100	0.100000
0.000100	0.110000
0.000100	0.120000
0.000100	0.130000
0.000099	0.140000
0.000099	0.150000
0.000099	0.160000
0.000099	0.170000
0.000099	0.180000
0.000099	0.190000
0.000099	0.200000
0.000099	0.210000
0.000099	0.220000
0.000098	0.230000
0.000098	0.240000
0.000098	0.250000
0.000098	0.260000
0.000098	0.270000
0.000098	0.280000
0.000097	0.290000
0.000097	0.300000
0.000097	0.310000
0.000097	0.320000
0.000097	0.330000
0.000097	0.340000
0.000096	0.350000
0.000096	0.360000
0.000096	0.370000
0.000096	0.380000
0.000095	0.390000
0.000095	0.400000
0.000095	0.410000
0.000095	0.420000
0.000094	0.430000
0.000094	0.440000
0.000094	0.450000
0.000094	0.460000
0.000093	0.470000
0.000093	0.480000
0.000093	0.490000
0.000092	0.500000
0.000092	0.510000
0.000092	0.520000
0.000091	0.530000
0.000091	0.540000
0.000091	0.550000
0.000090	0.560000
0.000090	0.570000
0.000090	0.580000
0.000089	0.590000
0.000089	0.600000
0.000089	0.610000
0.000088	0.620000
0.000088	0.630000
0.000088	0.640000
0.000087	0.650000
0.000087	0.660000
0.000086	0.670000
0.000086	0.680000
0.000086	0.690000
0.000085	0.700000
0.000085	0.710000
0.000084	0.720000
0.000084	0.730000
0.000083	0.740000
0.000083	0.750000
0.000083	0.760000
0.000082	0.770000
0.000082	0.780000
0.000081	0.790000
0.000081	0.800000
0.000080	0.810000
0.000080	0.820000
0.000079	0.830000
0.000079	0.840000
0.000078	0.850000
0.000078	0.860000
0.000077	0.870000
0.000077	0.880000
0.000076	0.890000
0.000076	0.900000
0.000075	0.910000
0.000075	0.920000
0.000074	0.930000
0.000074	0.940000
0.000073	0.950000
0.000072	0.960000
0.000072	0.970000
0.000071	0.980000
0.000071	0.990000
0.000070	1.000000
0.000070	1.010000
0.000069	1.020000
0.000069	1.030000
0.000068	1.040000
0.000067	1.050000
0.000067	1.060000
0.000066	1.070000
0.000066	1.080000
0.000065	1.090000
0.000064	1.100000
0.000064	1.110000
0.000063	1.120000
0.000062	1.130000
0.000062	1.140000
0.000061	1.150000
0.000061	1.160000
0.000060	1.170000
0.000059	1.180000
0.000059	1.190000
0.000058	1.200000
0.000057	1.210000
0.000057	1.220000
0.000056	1.230000
0.000055	1.240000
0.000055	1.250000
0.000054	1.260000
0.000053	1.270000
0.000053	1.280000
0.000052	1.290000
0.000051	1.300000
0.000051	1.310000
0.000050	1.320000
0.000049	1.330000
0.000049	1.340000
0.000048	1.350000
0.000047	1.360000
0.000046	1.370000
0.000046	1.380000
0.000045	1.390000
0.000044	1.400000
0.000044	1.410000
0.000043	1.420000
0.000042	1.430000
0.000041	1.440000
0.000041	1.450000
0.000040	1.460000
0.000039	1.470000
0.000038	1.480000
0.000038	1.490000
0.000037	1.500000
0.000036	1.510000
0.000035	1.520000
0.000035	1.530000
0.000034	1.540000
0.000033	1.550000
0.000032	1.560000
0.000032	1.570000
0.000031	1.580000
0.000030	1.590000
0.000029	1.600000
0.000029	1.610000
0.000028	1.620000
0.000027	1.630000
0.000026	1.640000
0.000026	1.650000
0.000025	1.660000
0.000024	1.670000
0.000023	1.680000
0.000022	1.690000
0.000022	1.700000
0.000021	1.710000
0.000020	1.720000
0.000019	1.730000
0.000019	1.740000
0.000018	1.750000
0.000017	1.760000
0.000016	1.770000
0.000015	1.780000
0.000015	1.790000
0.000014	1.800000
0.000013	1.810000
0.000012	1.820000
0.000011	1.830000
0.000011	1.840000
0.000010	1.850000
0.000009	1.860000
0.000008	1.870000
0.000007	1.880000
0.000007	1.890000
0.000006	1.900000
0.000005	1.910000
0.000004	1.920000
0.000003	1.930000
0.000003	1.940000
0.000002	1.950000
0.000001	1.960000
0.000000	1.970000
-0.000001	1.980000
-0.000001	1.990000
-0.000002	2.000000
-0.000003	2.010000
-0.000004	2.020000
-0.000005	2.030000
-0.000005	2.040000
-0.000006	2.050000
-0.000007	2.060000
-0.000008	2.070000
-0.000009	2.080000
-0.000009	2.090000
-0.000010	2.100000
-0.000011	2.110000
-0.000012	2.120000
-0.000012	2.130000
-0.000013	2.140000
-0.000014	2.150000
-0.000015	2.160000
-0.000016	2.170000
-0.000016	2.180000
-0.000017	2.190000
-0.000018	2.200000
-0.000019	2.210000
-0.000020	2.220000
-0.000020	2.230000
-0.000021	2.240000
-0.000022	2.250000
-0.000023	2.260000
-0.000023	2.270000
-0.000024	2.280000
-0.000025	2.290000
-0.000026	2.300000
-0.000027	2.310000
-0.000027	2.320000
-0.000028	2.330000
-0.000029	2.340000
-0.000030	2.350000
-0.000030	2.360000
-0.000031	2.370000
-0.000032	2.380000
-0.000033	2.390000
-0.000033	2.400000
-0.000034	2.410000
-0.000035	2.420000
-0.000036	2.430000
-0.000036	2.440000
-0.000037	2.450000
-0.000038	2.460000
-0.000039	2.470000
-0.000039	2.480000
-0.000040	2.490000
-0.000041	2.500000
-0.000042	2.510000
-0.000042	2.520000
-0.000043	2.530000
-0.000044	2.540000
-0.000044	2.550000
-0.000045	2.560000
-0.000046	2.570000
-0.000047	2.580000
-0.000047	2.590000
-0.000048	2.600000
-0.000049	2.610000
-0.000049	2.620000
-0.000050	2.630000
-0.000051	2.640000
-0.000052	2.650000
-0.000052	2.660000
-0.000053	2.670000
-0.000054	2.680000
-0.000054	2.690000
-0.000055	2.700000
-0.000056	2.710000
-0.000056	2.720000
-0.000057	2.730000
-0.000058	2.740000
-0.000058	2.750000
-0.000059	2.760000
-0.000059	2.770000
-0.000060	2.780000
-0.000061	2.790000
-0.000061	2.800000
-0.000062	2.810000
-0.000063	2.820000
-0.000063	2.830000
-0.000064	2.840000
-0.000065	2.850000
-0.000065	2.860000
-0.000066	2.870000
-0.000066	2.880000
-0.000067	2.890000
-0.000068	2.900000
-0.000068	2.910000
-0.000069	2.920000
-0.000069	2.930000
-0.000070	2.940000
-0.000070	2.950000
-0.000071	2.960000
-0.000072	2.970000
-0.000072	2.980000
-0.000073	2.990000
-0.000073	3.000000
-0.000074	3.010000
-0.000074	3.020000
-0.000075	3.030000
-0.000075	3.040000
-0.000076	3.050000
-0.000076	3.060000
-0.000077	3.070000
-0.000077	3.080000
-0.000078	3.090000
-0.000078	3.100000
-0.000079	3.110000
-0.000079	3.120000
-0.000080	3.130000
-0.000080	3.140000
-0.000081	3.150000
-0.000081	3.160000
-0.000082	3.170000
-0.000082	3.180000
-0.000083	3.190000
-0.000083	3.200000
-0.000084	3.210000
-0.000084	3.220000
-0.000084	3.230000
-0.000085	3.240000
-0.000085	3.250000
-0.000086	3.260000
-0.000086	3.270000
-0.000086	3.280000
-0.000087	3.290000
-0.000087	3.300000
-0.000088	3.310000
-0.000088	3.320000
-0.000088	3.330000
-0.000089	3.340000
-0.000089	3.350000
-0.000090	3.360000
-0.000090	3.370000
-0.000090	3.380000
-0.000091	3.390000
-0.000091	3.400000
-0.000091	3.410000
-0.000092	3.420000
-0.000092	3.430000
-0.000092	3.440000
-0.000092	3.450000
-0.000093	3.460000
-0.000093	3.470000
-0.000093	3.480000
-0.000094	3.490000
-0.000094	3.500000
-0.000094	3.510000
-0.000094	3.520000
-0.000095	3.530000
-0.000095	3.540000
-0.000095	3.550000
-0.000095	3.560000
-0.000096	3.570000
-0.000096	3.580000
-0.000096	3.590000
-0.000096	3.600000
-0.000097	3.610000
-0.000097	3.620000
-0.000097	3.630000
-0.000097	3.640000
-0.000097	3.650000
-0.000098	3.660000
-0.000098	3.670000
-0.000098	3.680000
-0.000098	3.690000
-0.000098	3.700000
-0.000098	3.710000
-0.000098	3.720000
-0.000099	3.730000
-0.000099	3.740000
-0.000099	3.750000
-0.000099	3.760000
-0.000099	3.770000
-0.000099	3.780000
-0.000099	3.790000
-0.000099	3.800000
-0.000099	3.810000
-0.000100	3.820000
-0.000100	3.830000
-0.000100	3.840000
-0.000100	3.850000
-0.000100	3.860000
-0.000100	3.870000
-0.000100	3.880000
-0.000100	3.890000
-0.000100	3.900000
-0.000100	3.910000
-0.000100	3.920000
-0.000100	3.930000
-0.000100	3.940000
-0.000100	3.950000
-0.000100	3.960000
-0.000100	3.970000
-0.000100	3.980000
-0.000100	3.990000
-0.000100	4.000000
-0.000100	4.010000
-0.000100	4.020000
-0.000100	4.030000
-0.000100	4.040000
-0.000100	4.050000
-0.000100	4.060000
-0.000099	4.070000
-0.000099	4.080000
-0.000099	4.090000
-0.000099	4.100000
-0.000099	4.110000
-0.000099	4.120000
-0.000099	4.130000
-0.000099	4.140000
-0.000099	4.150000
-0.000098	4.160000
-0.000098	4.170000
-0.000098	4.180000
-0.000098	4.190000
-0.000098	4.200000
-0.000098	4.210000
-0.000097	4.220000
-0.000097	4.230000
-0.000097	4.240000
-0.000097	4.250000
-0.000097	4.260000
-0.000096	4.270000
-0.000096	4.280000
-0.000096	4.290000
-0.000096	4.300000
-0.000096	4.310000
-0.000095	4.320000
-0.000095	4.330000
-0.000095	4.340000
-0.000095	4.350000
-0.000094	4.360000
-0.000094	4.370000
-0.000094	4.380000
-0.000093	4.390000
-0.000093	4.400000
-0.000093	4.410000
-0.000093	4.420000
-0.000092	4.430000
-0.000092	4.440000
-0.000092	4.450000
-0.000091	4.460000
-0.000091	4.470000
-0.000091	4.480000
-0.000090	4.490000
-0.000090	4.500000
-0.000090	4.510000
-0.000089	4.520000
-0.000089	4.530000
-0.000089	4.540000
-0.000088	4.550000
-0.000088	4.560000
-0.000087	4.570000
-0.000087	4.580000
-0.000087	4.590000
-0.000086	4.600000
-0.000086	4.610000
-0.000085	4.620000
-0.000085	4.630000
-0.000085	4.640000
-0.000084	4.650000
-0.000084	4.660000
-0.000083	4.670000
-0.000083	4.680000
-0.000082	4.690000
-0.000082	4.700000
-0.000081	4.710000
-0.000081	4.720000
-0.000081	4.730000
-0.000080	4.740000
-0.000080	4.750000
-0.000079	4.760000
-0.000079	4.770000
-0.000078	4.780000
-0.000078	4.790000
-0.000077	4.800000
-0.000077	4.810000
-0.000076	4.820000
-0.000076	4.830000
-0.000075	4.840000
-0.000074	4.850000
-0.000074	4.860000
-0.000073	4.870000
-0.000073	4.880000
-0.000072	4.890000
-0.000072	4.900000
-0.000071	4.910000
-0.000071	4.920000
-0.000070	4.930000
-0.000069	4.940000
-0.000069	4.950000
-0.000068	4.960000
-0.000068	4.970000
-0.000067	4.980000
-0.000067	4.990000
-0.000066	5.000000
-0.000065	5.010000
-0.000065	5.020000
-0.000064	5.030000
-0.000064	5.040000
-0.000063	5.050000
-0.000062	5.060000
-0.000062	5.070000
-0.000061	5.080000
-0.000060	5.090000
-0.000060	5.100000
-0.000059	5.110000
-0.000058	5.120000
-0.000058	5.130000
-0.000057	5.140000
-0.000056	5.150000
-0.000056	5.160000
-0.000055	5.170000
-0.000054	5.180000
-0.000054	5.190000
-0.000053	5.200000
-0.000052	5.210000
-0.000052	5.220000
-0.000051	5.230000
-0.000050	5.240000
-0.000050	5.250000
-0.000049	5.260000
-0.000048	5.270000
-0.000048	5.280000
-0.000047	5.290000
-0.000046	5.300000
-0.000045	5.310000
-0.000045	5.320000
-0.000044	5.330000
-0.000043	5.340000
-0.000043	5.350000
-0.000042	5.360000
-0.000041	5.370000
-0.000040	5.380000
-0.000040	5.390000
-0.000039	5.400000
-0.000038	5.410000
-0.000037	5.420000
-0.000037	5.430000
-0.000036	5.440000
-0.000035	5.450000
-0.000035	5.460000
-0.000034	5.470000
-0.000033	5.480000
-0.000032	5.490000
-0.000031	5.500000
-0.000031	5.510000
-0.000030	5.520000
-0.000029	5.530000
-0.000028	5.540000
-0.000028	5.550000
-0.000027	5.560000
-0.000026	5.570000
-0.000025	5.580000
-0.000025	5.590000
-0.000024	5.600000
-0.000023	5.610000
-0.000022	5.620000
-0.000021	5.630000
-0.000021	5.640000
-0.000020	5.650000
-0.000019	5.660000
-0.000018	5.670000
-0.000018	5.680000
-0.000017	5.690000
-0.000016	5.700000
-0.000015	5.710000
-0.000014	5.720000
-0.000014	5.730000
-0.000013	5.740000
-0.000012	5.750000
-0.000011	5.760000
-0.000010	5.770000
-0.000010	5.780000
-0.000009	5.790000
-0.000008	5.800000
-0.000007	5.810000
-0.000006	5.820000
-0.000006	5.830000
-0.000005	5.840000
-0.000004	5.850000
-0.000003	5.860000
-0.000002	5.870000
-0.000002	5.880000
-0.000001	5.890000
-0.000000	5.900000
0.000001	5.910000
0.000002	5.920000
0.000002	5.930000
0.000003	5.940000
0.000004	5.950000
0.000005	5.960000
0.000006	5.970000
0.000006	5.980000
0.000007	5.990000
0.000008	6.000000
0.000009	6.010000
0.000010	6.020000
0.000010	6.030000
0.000011	6.040000
0.000012	6.050000
0.000013	6.060000
0.000014	6.070000
0.000014	6.080000
0.000015	6.090000
0.000016	6.100000
0.000017	6.110000
0.000017	6.120000
0.000018	6.130000
0.000019	6.140000
0.000020	6.150000
0.000021	6.160000
0.000021	6.170000
0.000022	6.180000
0.000023	6.190000
0.000024	6.200000
0.000025	6.210000
0.000025	6.220000
0.000026	6.230000
0.000027	6.240000
0.000028	6.250000
0.000028	6.260000
0.000029	6.270000
0.000030	6.280000
0.000031	6.290000
0.000031	6.300000
0.000032	6.310000
0.000033	6.320000
0.000034	6.330000
0.000034	6.340000
0.000035	6.350000
0.000036	6.360000
0.000037	6.370000
0.000037	6.380000
0.000038	6.390000
0.000039	6.400000
0.000040	6.410000
0.000040	6.420000
0.000041	6.430000
0.000042	6.440000
0.000043	6.450000
0.000043	6.460000
0.000044	6.470000
0.000045	6.480000
0.000045	6.490000
0.000046	6.500000
0.000047	6.510000
0.000048	6.520000
0.000048	6.530000
0.000049	6.540000
0.000050	6.550000
0.000050	6.560000
0.000051	6.570000
0.000052	6.580000
0.000052	6.590000
0.000053	6.600000
0.000054	6.610000
0.000054	6.620000
0.000055	6.630000
0.000056	6.640000
0.000056	6.650000
0.000057	6.660000
0.000058	6.670000
0.000058	6.680000
0.000059	6.690000
0.000060	6.700000
0.000060	6.710000
0.000061	6.720000
0.000062	6.730000
0.000062	6.740000
0.000063	6.750000
0.000063	6.760000
0.000064	6.770000
0.000065	6.780000
0.000065	6.790000
0.000066	6.800000
0.000067	6.810000
0.000067	6.820000
0.000068	6.830000
0.000068	6.840000
0.000069	6.850000
0.000069	6.860000
0.000070	6.870000
0.000071	6.880000
0.000071	6.890000
0.000072	6.900000
0.000072	6.910000
0.000073	6.920000
0.000073	6.930000
0.000074	6.940000
0.000074	6.950000
0.000075	6.960000
0.000075	6.970000
0.000076	6.980000
0.000077	6.990000
0.000077	7.000000
0.000078	7.010000
0.000078	7.020000
0.000079	7.030000
0.000079	7.040000
0.000080	7.050000
0.000080	7.060000
0.000080	7.070000
0.000081	7.080000
0.000081	7.090000
0.000082	7.100000
0.000082	7.110000
0.000083	7.120000
0.000083	7.130000
0.000084	7.140000
0.000084	7.150000
0.000085	7.160000
0.000085	7.170000
0.000085	7.180000
0.000086	7.190000
0.000086	7.200000
0.000087	7.210000
0.000087	7.220000
0.000087	7.230000
0.000088	7.240000
0.000088	7.250000
0.000089	7.260000
0.000089	7.270000
0.000089	7.280000
0.000090	7.290000
0.000090	7.300000
0.000090	7.310000
0.000091	7.320000
0.000091	7.330000
0.000091	7.340000
0.000092	7.350000
0.000092	7.360000
0.000092	7.370000
0.000093	7.380000
0.000093	7.390000
0.000093	7.400000
0.000093	7.410000
0.000094	7.420000
0.000094	7.430000
0.000094	7.440000
0.000095	7.450000
0.000095	7.460000
0.000095	7.470000
0.000095	7.480000
0.000096	7.490000
0.000096	7.500000
0.000096	7.510000
0.000096	7.520000
0.000096	7.530000
0.000097	7.540000
0.000097	7.550000
0.000097	7.560000
0.000097	7.570000
0.000097	7.580000
0.000098	7.590000
0.000098	7.600000
0.000098	7.610000
0.000098	7.620000
0.000098	7.630000
0.000098	7.640000
0.000099	7.650000
0.000099	7.660000
0.000099	7.670000
0.000099	7.680000
0.000099	7.690000
0.000099	7.700000
0.000099	7.710000
0.000099	7.720000
0.000099	7.730000
0.000099	7.740000
0.000100	7.750000
0.000100	7.760000
0.000100	7.770000
0.000100	7.780000
0.000100	7.790000
0.000100	7.800000
0.000100	7.810000
0.000100	7.820000
0.000100	7.830000
0.000100	7.840000
0.000100	7.850000
0.000100	7.860000
0.000100	7.870000
0.000100	7.880000
0.000100	7.890000
0.000100	7.900000
0.000100	7.910000
0.000100	7.920000
0.000100	7.930000
0.000100	7.940000
0.000100	7.950000
0.000100	7.960000
0.000100	7.970000
0.000100	7.980000
0.000099	7.990000
0.000099	8.000000
0.000099	8.010000
0.000099	8.020000
0.000099	8.030000
0.000099	8.040000
0.000099	8.050000
0.000099	8.060000
0.000099	8.070000
0.000099	8.080000
0.000098	8.090000
0.000098	8.100000
0.000098	8.110000
0.000098	8.120000
0.000098	8.130000
0.000098	8.140000
0.000097	8.150000
0.000097	8.160000
0.000097	8.170000
0.000097	8.180000
0.000097	8.190000
0.000096	8.200000
0.000096	8.210000
0.000096	8.220000
0.000096	8.230000
0.000095	8.240000
0.000095	8.250000
0.000095	8.260000
0.000095	8.270000
0.000095	8.280000
0.000094	8.290000
0.000094	8.300000
0.000094	8.310000
0.000093	8.320000
0.000093	8.330000
0.000093	8.340000
0.000093	8.350000
0.000092	8.360000
0.000092	8.370000
0.000092	8.380000
0.000091	8.390000
0.000091	8.400000
0.000091	8.410000
0.000090	8.420000
0.000090	8.430000
0.000090	8.440000
0.000089	8.450000
0.000089	8.460000
0.000088	8.470000
0.000088	8.480000
0.000088	8.490000
0.000087	8.500000
0.000087	8.510000
0.000087	8.520000
0.000086	8.530000
0.000086	8.540000
0.000085	8.550000
0.000085	8.560000
0.000084	8.570000
0.000084	8.580000
0.000084	8.590000
0.000083	8.600000
0.000083	8.610000
0.000082	8.620000
0.000082	8.630000
0.000081	8.640000
0.000081	8.650000
0.000080	8.660000
0.000080	8.670000
0.000079	8.680000
0.000079	8.690000
0.000078	8.700000
0.000078	8.710000
0.000077	8.720000
0.000077	8.730000
0.000076	8.740000
0.000076	8.750000
0.000075	8.760000
0.000075	8.770000
0.000074	8.780000
0.000074	8.790000
0.000073	8.800000
0.000073	8.810000
0.000072	8.820000
0.000072	8.830000
0.000071	8.840000
0.000070	8.850000
0.000070	8.860000
0.000069	8.870000
0.000069	8.880000
0.000068	8.890000
0.000068	8.900000
0.000067	8.910000
0.000066	8.920000
0.000066	8.930000
0.000065	8.940000
0.000065	8.950000
0.000064	8.960000
0.000063	8.970000
0.000063	8.980000
0.000062	8.990000
0.000061	9.000000
0.000061	9.010000
0.000060	9.020000
0.000060	9.030000
0.000059	9.040000
0.000058	9.050000
0.000058	9.060000
0.000057	9.070000
0.000056	9.080000
0.000056	9.090000
0.000055	9.100000
0.000054	9.110000
0.000054	9.120000
0.000053	9.130000
0.000052	9.140000
0.000052	9.150000
0.000051	9.160000
0.000050	9.170000
0.000050	9.180000
0.000049	9.190000
0.000048	9.200000
0.000047	9.210000
0.000047	9.220000
0.000046	9.230000
0.000045	9.240000
0.000045	9.250000
0.000044	9.260000
0.000043	9.270000
0.000042	9.280000
0.000042	9.290000
0.000041	9.300000
0.000040	9.310000
0.000039	9.320000
0.000039	9.330000
0.000038	9.340000
0.000037	9.350000
0.000037	9.360000
0.000036	9.370000
0.000035	9.380000
0.000034	9.390000
0.000034	9.400000
0.000033	9.410000
0.000032	9.420000
0.000031	9.430000
0.000031	9.440000
0.000030	9.450000
0.000029	9.460000
0.000028	9.470000
0.000027	9.480000
0.000027	9.490000
0.000026	9.500000
0.000025	9.510000
0.000024	9.520000
0.000024	9.530000
0.000023	9.540000
0.000022	9.550000
0.000021	9.560000
0.000020	9.570000
0.000020	9.580000
0.000019	9.590000
0.000018	9.600000
0.000017	9.610000
0.000017	9.620000
0.000016	9.630000
0.000015	9.640000
0.000014	9.650000
0.000013	9.660000
0.000013	9.670000
0.000012	9.680000
0.000011	9.690000
0.000010	9.700000
0.000009	9.710000
0.000009	9.720000
0.000008	9.730000
0.000007	9.740000
0.000006	9.750000
0.000005	9.760000
0.000005	9.770000
0.000004	9.780000
0.000003	9.790000
0.000002	9.800000
0.000001	9.810000
0.000001	9.820000
-0.000000	9.830000
-0.000001	9.840000
-0.000002	9.850000
-0.000003	9.860000
-0.000003	9.870000
-0.000004	9.880000
-0.000005	9.890000
-0.000006	9.900000
-0.000007	9.910000
-0.000007	9.920000
-0.000008	9.930000
-0.000009	9.940000
-0.000010	9.950000
-0.000011	9.960000
-0.000011	9.970000
-0.000012	9.980000
-0.000013	9.990000
-0.000014	10.000000
-0.000015	10.010000
-0.000015	10.020000
-0.000016	10.030000
-0.000017	10.040000
-0.000018	10.050000
-0.000018	10.060000
-0.000019	10.070000
-0.000020	10.080000
-0.000021	10.090000
-0.000022	10.100000
-0.000022	10.110000
-0.000023	10.120000
-0.000024	10.130000
-0.000025	10.140000
-0.000026	10.150000
-0.000026	10.160000
-0.000027	10.170000
-0.000028	10.180000
-0.000029	10.190000
-0.000029	10.200000
-0.000030	10.210000
-0.000031	10.220000
-0.000032	10.230000
-0.000032	10.240000
-0.000033	10.250000
-0.000034	10.260000
-0.000035	10.270000
-0.000035	10.280000
-0.000036	10.290000
-0.000037	10.300000
-0.000038	10.310000
-0.000038	10.320000
-0.000039	10.330000
-0.000040	10.340000
-0.000041	10.350000
-0.000041	10.360000
-0.000042	10.370000
-0.000043	10.380000
-0.000043	10.390000
-0.000044	10.400000
-0.000045	10.410000
-0.000046	10.420000
-0.000046	10.430000
-0.000047	10.440000
-0.000048	10.450000
-0.000048	10.460000
-0.000049	10.470000
-0.000050	10.480000
-0.000051	10.490000
-0.000051	10.500000
-0.000052	10.510000
-0.000053	10.520000
-0.000053	10.530000
-0.000054	10.540000
-0.000055	10.550000
-0.000055	10.560000
-0.000056	10.570000
-0.000057	10.580000
-0.000057	10.590000
-0.000058	10.600000
-0.000059	10.610000
-0.000059	10.620000
-0.000060	10.630000
-0.000061	10.640000
-0.000061	10.650000
-0.000062	10.660000
-0.000062	10.670000
-0.000063	10.680000
-0.000064	10.690000
-0.000064	10.700000
-0.000065	10.710000
-0.000065	10.720000
-0.000066	10.730000
-0.000067	10.740000
-0.000067	10.750000
-0.000068	10.760000
-0.000068	10.770000
-0.000069	10.780000
-0.000070	10.790000
-0.000070	10.800000
-0.000071	10.810000
-0.000071	10.820000
-0.000072	10.830000
-0.000072	10.840000
-0.000073	10.850000
-0.000074	10.860000
-0.000074	10.870000
-0.000075	10.880000
-0.000075	10.890000
-0.000076	10.900000
-0.000076	10.910000
-0.000077	10.920000
-0.000077	10.930000
-0.000078	10.940000
-0.000078	10.950000
-0.000079	10.960000
-0.000079	10.970000
-0.000080	10.980000
-0.000080	10.990000
-0.000081	11.000000
-0.000081	11.010000
-0.000082	11.020000
-0.000082	11.030000
-0.000082	11.040000
-0.000083	11.050000
-0.000083	11.060000
-0.000084	11.070000
-0.000084	11.080000
-0.000085	11.090000
-0.000085	11.100000
-0.000086	11.110000
-0.000086	11.120000
-0.000086	11.130000
-0.000087	11.140000
-0.000087	11.150000
-0.000088	11.160000
-0.000088	11.170000
-0.000088	11.180000
-0.000089	11.190000
-0.000089	11.200000
-0.000089	11.210000
-0.000090	11.220000
-0.000090	11.230000
-0.000090	11.240000
-0.000091	11.250000
-0.000091	11.260000
-0.000091	11.270000
-0.000092	11.280000
-0.000092	11.290000
-0.000092	11.300000
-0.000093	11.310000
-0.000093	11.320000
-0.000093	11.330000
-0.000094	11.340000
-0.000094	11.350000
-0.000094	11.360000
-0.000094	11.370000
-0.000095	11.380000
-0.000095	11.390000
-0.000095	11.400000
-0.000095	11.410000
-0.000096	11.420000
-0.000096	11.430000
-0.000096	11.440000
-0.000096	11.450000
-0.000097	11.460000
-0.000097	11.470000
-0.000097	11.480000
-0.000097	11.490000
-0.000097	11.500000
-0.000097	11.510000
-0.000098	11.520000
-0.000098	11.530000
-0.000098	11.540000
-0.000098	11.550000
-0.000098	11.560000
-0.000098	11.570000
-0.000099	11.580000
-0.000099	11.590000
-0.000099	11.600000
-0.000099	11.610000
-0.000099	11.620000
-0.000099	11.630000
-0.000099	11.640000
-0.000099	11.650000
-0.000099	11.660000
-0.000100	11.670000
-0.000100	11.680000
-0.000100	11.690000
-0.000100	11.700000
-0.000100	11.710000
-0.000100	11.720000
-0.000100	11.730000
-0.000100	11.740000
-0.000100	11.750000
-0.000100	11.760000
-0.000100	11.770000
-0.000100	11.780000
-0.000100	11.790000
-0.000100	11.800000
-0.000100	11.810000
-0.000100	11.820000
-0.000100	11.830000
-0.000100	11.840000
-0.000100	11.850000
-0.000100	11.860000
-0.000100	11.870000
-0.000100	11.880000
-0.000100	11.890000
-0.000100	11.900000
-0.000100	11.910000
-0.000099	11.920000
-0.000099	11.930000
-0.000099	11.940000
-0.000099	11.950000
-0.000099	11.960000
-0.000099	11.970000
-0.000099	11.980000
-0.000099	11.990000
-0.000099	12.000000
-0.000098	12.010000
-0.000098	12.020000
-0.000098	12.030000
-0.000098	12.040000
-0.000098	12.050000
-0.000098	12.060000
-0.000098	12.070000
-0.000097	12.080000
-0.000097	12.090000
-0.000097	12.100000
-0.000097	12.110000
-0.000097	12.120000
-0.000096	12.130000
-0.000096	12.140000
-0.000096	12.150000
-0.000096	12.160000
-0.000095	12.170000
-0.000095	12.180000
-0.000095	12.190000
-0.000095	12.200000
-0.000094	12.210000
-0.000094	12.220000
-0.000094	12.230000
-0.000094	12.240000
-0.000093	12.250000
-0.000093	12.260000
-0.000093	12.270000
-0.000092	12.280000
-0.000092	12.290000
-0.000092	12.300000
-0.000091	12.310000
-0.000091	12.320000
-0.000091	12.330000
-0.000090	12.340000
-0.000090	12.350000
-0.000090	12.360000
-0.000089	12.370000
-0.000089	12.380000
-0.000089	12.390000
-0.000088	12.400000
-0.000088	12.410000
-0.000088	12.420000
-0.000087	12.430000
-0.000087	12.440000
-0.000086	12.450000
-0.000086	12.460000
-0.000086	12.470000
-0.000085	12.480000
-0.000085	12.490000
-0.000084	12.500000
-0.000084	12.510000
-0.000083	12.520000
-0.000083	12.530000
-0.000083	12.540000
-0.000082	12.550000
-0.000082	12.560000
-0.000081	12.570000
-0.000081	12.580000
-0.000080	12.590000
-0.000080	12.600000
-0.000079	12.610000
-0.000079	12.620000
-0.000078	12.630000
-0.000078	12.640000
-0.000077	12.650000
-0.000077	12.660000
-0.000076	12.670000
-0.000076	12.680000
-0.000075	12.690000
-0.000075	12.700000
-0.000074	12.710000
-0.000074	12.720000
-0.000073	12.730000
-0.000073	12.740000
-0.000072	12.750000
-0.000071	12.760000
-0.000071	12.770000
-0.000070	12.780000
-0.000070	12.790000
-0.000069	12.800000
-0.000069	12.810000
-0.000068	12.820000
-0.000067	12.830000
-0.000067	12.840000
-0.000066	12.850000
-0.000066	12.860000
-0.000065	12.870000
-0.000064	12.880000
-0.000064	12.890000
-0.000063	12.900000
-0.000063	12.910000
-0.000062	12.920000
-0.000061	12.930000
-0.000061	12.940000
-0.000060	12.950000
-0.000059	12.960000
-0.000059	12.970000
-0.000058	12.980000
-0.000057	12.990000
-0.000057	13.000000
-0.000056	13.010000
-0.000055	13.020000
-0.000055	13.030000
-0.000054	13.040000
-0.000053	13.050000
-0.000053	13.060000
-0.000052	13.070000
-0.000051	13.080000
-0.000051	13.090000
-0.000050	13.100000
-0.000049	13.110000
-0.000049	13.120000
-0.000048	13.130000
-0.000047	13.140000
-0.000046	13.150000
-0.000046	13.160000
-0.000045	13.170000
-0.000044	13.180000
-0.000044	13.190000
-0.000043	13.200000
-0.000042	13.210000
-0.000041	13.220000
-0.000041	13.230000
-0.000040	13.240000
-0.000039	13.250000
-0.000039	13.260000
-0.000038	13.270000
-0.000037	13.280000
-0.000036	13.290000
-0.000036	13.300000
-0.000035	13.310000
-0.000034	13.320000
-0.000033	13.330000
-0.000033	13.340000
-0.000032	13.350000
-0.000031	13.360000
-0.000030	13.370000
-0.000030	13.380000
-0.000029	13.390000
-0.000028	13.400000
-0.000027	13.410000
-0.000026	13.420000
-0.000026	13.430000
-0.000025	13.440000
-0.000024	13.450000
-0.000023	13.460000
-0.000023	13.470000
-0.000022	13.480000
-0.000021	13.490000
-0.000020	13.500000
-0.000019	13.510000
-0.000019	13.520000
-0.000018	13.530000
-0.000017	13.540000
-0.000016	13.550000
-0.000015	13.560000
-0.000015	13.570000
-0.000014	13.580000
-0.000013	13.590000
-0.000012	13.600000
-0.000012	13.610000
-0.000011	13.620000
-0.000010	13.630000
-0.000009	13.640000
-0.000008	13.650000
-0.000008	13.660000
-0.000007	13.670000
-0.000006	13.680000
-0.000005	13.690000
-0.000004	13.700000
-0.000004	13.710000
-0.000003	13.720000
-0.000002	13.730000
-0.000001	13.740000
-0.000000	13.750000
0.000000	13.760000
0.000001	13.770000
0.000002	13.780000
0.000003	13.790000
0.000004	13.800000
0.000004	13.810000
0.000005	13.820000
0.000006	13.830000
0.000007	13.840000
0.000008	13.850000
0.000008	13.860000
0.000009	13.870000
0.000010	13.880000
0.000011	13.890000
0.000012	13.900000
0.000012	13.910000
0.000013	13.920000
0.000014	13.930000
0.000015	13.940000
0.000016	13.950000
0.000016	13.960000
0.000017	13.970000
0.000018	13.980000
0.000019	13.990000
0.000020	14.000000
0.000020	14.010000
0.000021	14.020000
0.000022	14.030000
0.000023	14.040000
0.000023	14.050000
0.000024	14.060000
0.000025	14.070000
0.000026	14.080000
0.000027	14.090000
0.000027	14.100000
0.000028	14.110000
0.000029	14.120000
0.000030	14.130000
0.000030	14.140000
0.000031	14.150000
0.000032	14.160000
0.000033	14.170000
0.000033	14.180000
0.000034	14.190000
0.000035	14.200000
0.000036	14.210000
0.000036	14.220000
0.000037	14.230000
0.000038	14.240000
0.000039	14.250000
0.000039	14.260000
0.000040	14.270000
0.000041	14.280000
0.000042	14.290000
0.000042	14.300000
0.000043	14.310000
0.000044	14.320000
0.000044	14.330000
0.000045	14.340000
0.000046	14.350000
0.000047	14.360000
0.000047	14.370000
0.000048	14.380000
0.000049	14.390000
0.000049	14.400000
0.000050	14.410000
0.000051	14.420000
0.000051	14.430000
0.000052	14.440000
0.000053	14.450000
0.000053	14.460000
0.000054	14.470000
0.000055	14.480000
0.000055	14.490000
0.000056	14.500000
0.000057	14.510000
0.000057	14.520000
0.000058	14.530000
0.000059	14.540000
0.000059	14.550000
0.000060	14.560000
0.000061	14.570000
0.000061	14.580000
0.000062	14.590000
0.000063	14.600000
0.000063	14.610000
0.000064	14.620000
0.000064	14.630000
0.000065	14.640000
0.000066	14.650000
0.000066	14.660000
0.000067	14.670000
0.000067	14.680000
0.000068	14.690000
0.000069	14.700000
0.000069	14.710000
0.000070	14.720000
0.000070	14.730000
0.000071	14.740000
0.000071	14.750000
0.000072	14.760000
0.000073	14.770000
0.000073	14.780000
0.000074	14.790000
0.000074	14.800000
0.000075	14.810000
0.000075	14.820000
0.000076	14.830000
0.000076	14.840000
0.000077	14.850000
0.000077	14.860000
0.000078	14.870000
0.000078	14.880000
0.000079	14.890000
0.000079	14.900000
0.000080	14.910000
0.000080	14.920000
0.000081	14.930000
0.000081	14.940000
0.000082	14.950000
0.000082	14.960000
0.000083	14.970000
0.000083	14.980000
0.000084	14.990000
0.000084	15.000000
0.000084	15.010000
0.000085	15.020000
0.000085	15.030000
0.000086	15.040000
0.000086	15.050000
0.000086	15.060000
0.000087	15.070000
0.000087	15.080000
0.000088	15.090000
0.000088	15.100000
0.000088	15.110000
0.000089	15.120000
0.000089	15.130000
0.000089	15.140000
0.000090	15.150000
0.000090	15.160000
0.000091	15.170000
0.000091	15.180000
0.000091	15.190000
0.000092	15.200000
0.000092	15.210000
0.000092	15.220000
0.000092	15.230000
0.000093	15.240000
0.000093	15.250000
0.000093	15.260000
0.000094	15.270000
0.000094	15.280000
0.000094	15.290000
0.000094	15.300000
0.000095	15.310000
0.000095	15.320000
0.000095	15.330000
0.000095	15.340000
0.000096	15.350000
0.000096	15.360000
0.000096	15.370000
0.000096	15.380000
0.000097	15.390000
0.000097	15.400000
0.000097	15.410000
0.000097	15.420000
0.000097	15.430000
0.000098	15.440000
0.000098	15.450000
0.000098	15.460000
0.000098	15.470000
0.000098	15.480000
0.000098	15.490000
0.000098	15.500000
0.000099	15.510000
0.000099	15.520000
0.000099	15.530000
0.000099	15.540000
0.000099	15.550000
0.000099	15.560000
0.000099	15.570000
0.000099	15.580000
0.000099	15.590000
0.000100	15.600000
0.000100	15.610000
0.000100	15.620000
0.000100	15.630000
0.000100	15.640000
0.000100	15.650000
0.000100	15.660000
0.000100	15.670000
0.000100	15.680000
0.000100	15.690000
0.000100	15.700000
0.000100	15.710000
0.000100	15.720000
0.000100	15.730000
0.000100	15.740000
0.000100	15.750000
0.000100	15.760000
0.000100	15.770000
0.000100	15.780000
0.000100	15.790000
0.000100	15.800000
0.000100	15.810000
0.000100	15.820000
0.000100	15.830000
0.000100	15.840000
0.000099	15.850000
0.000099	15.860000
0.000099	15.870000
0.000099	15.880000
0.000099	15.890000
0.000099	15.900000
0.000099	15.910000
0.000099	15.920000
0.000099	15.930000
0.000098	15.940000
0.000098	15.950000
0.000098	15.960000
0.000098	15.970000
0.000098	15.980000
0.000098	15.990000
0.000097	16.000000
0.000097	16.010000
0.000097	16.020000
0.000097	16.030000
0.000097	16.040000
0.000096	16.050000
0.000096	16.060000
0.000096	16.070000
0.000096	16.080000
0.000096	16.090000
0.000095	16.100000
0.000095	16.110000
0.000095	16.120000
0.000095	16.130000
0.000094	16.140000
0.000094	16.150000
0.000094	16.160000
0.000094	16.170000
0.000093	16.180000
0.000093	16.190000
0.000093	16.200000
0.000092	16.210000
0.000092	16.220000
0.000092	16.230000
0.000091	16.240000
0.000091	16.250000
0.000091	16.260000
0.000090	16.270000
0.000090	16.280000
0.000090	16.290000
0.000089	16.300000
0.000089	16.310000
0.000089	16.320000
0.000088	16.330000
0.000088	16.340000
0.000087	16.350000
0.000087	16.360000
0.000087	16.370000
0.000086	16.380000
0.000086	16.390000
0.000085	16.400000
0.000085	16.410000
0.000085	16.420000
0.000084	16.430000
0.000084	16.440000
0.000083	16.450000
0.000083	16.460000
0.000082	16.470000
0.000082	16.480000
0.000082	16.490000
0.000081	16.500000
0.000081	16.510000
0.000080	16.520000
0.000080	16.530000
0.000079	16.540000
0.000079	16.550000
0.000078	16.560000
0.000078	16.570000
0.000077	16.580000
0.000077	16.590000
0.000076	16.600000
0.000076	16.610000
0.000075	16.620000
0.000075	16.630000
0.000074	16.640000
0.000073	16.650000
0.000073	16.660000
0.000072	16.670000
0.000072	16.680000
0.000071	16.690000
0.000071	16.700000
0.000070	16.710000
0.000070	16.720000
0.000069	16.730000
0.000068	16.740000
0.000068	16.750000
0.000067	16.760000
0.000067	16.770000
0.000066	16.780000
0.000065	16.790000
0.000065	16.800000
0.000064	16.810000
0.000064	16.820000
0.000063	16.830000
0.000062	16.840000
0.000062	16.850000
0.000061	16.860000
0.000060	16.870000
0.000060	16.880000
0.000059	16.890000
0.000059	16.900000
0.000058	16.910000
0.000057	16.920000
0.000057	16.930000
0.000056	16.940000
0.000055	16.950000
0.000055	16.960000
0.000054	16.970000
0.000053	16.980000
0.000053	16.990000
0.000052	17.000000
0.000051	17.010000
0.000050	17.020000
0.000050	17.030000
0.000049	17.040000
0.000048	17.050000
0.000048	17.060000
0.000047	17.070000
0.000046	17.080000
0.000046	17.090000
0.000045	17.100000
0.000044	17.110000
0.000043	17.120000
0.000043	17.130000
0.000042	17.140000
0.000041	17.150000
0.000041	17.160000
0.000040	17.170000
0.000039	17.180000
0.000038	17.190000
0.000038	17.200000
0.000037	17.210000
0.000036	17.220000
0.000035	17.230000
0.000035	17.240000
0.000034	17.250000
0.000033	17.260000
0.000032	17.270000
0.000032	17.280000
0.000031	17.290000
0.000030	17.300000
0.000029	17.310000
0.000029	17.320000
0.000028	17.330000
0.000027	17.340000
0.000026	17.350000
0.000025	17.360000
0.000025	17.370000
0.000024	17.380000
0.000023	17.390000
0.000022	17.400000
0.000022	17.410000
0.000021	17.420000
0.000020	17.430000
0.000019	17.440000
0.000018	17.450000
0.000018	17.460000
0.000017	17.470000
0.000016	17.480000
0.000015	17.490000
0.000014	17.500000
0.000014	17.510000
0.000013	17.520000
0.000012	17.530000
0.000011	17.540000
0.000010	17.550000
0.000010	17.560000
0.000009	17.570000
0.000008	17.580000
0.000007	17.590000
0.000007	17.600000
0.000006	17.610000
0.000005	17.620000
0.000004	17.630000
0.000003	17.640000
0.000003	17.650000
0.000002	17.660000
0.000001	17.670000
0.000000	17.680000
-0.000001	17.690000
-0.000001	17.700000
-0.000002	17.710000
-0.000003	17.720000
-0.000004	17.730000
-0.000005	17.740000
-0.000005	17.750000
-0.000006	17.760000
-0.000007	17.770000
-0.000008	17.780000
-0.000009	17.790000
-0.000009	17.800000
-0.000010	17.810000
-0.000011	17.820000
-0.000012	17.830000
-0.000013	17.840000
-0.000013	17.850000
-0.000014	17.860000
-0.000015	17.870000
-0.000016	17.880000
-0.000017	17.890000
-0.000017	17.900000
-0.000018	17.910000
-0.000019	17.920000
-0.000020	17.930000
-0.000021	17.940000
-0.000021	17.950000
-0.000022	17.960000
-0.000023	17.970000
-0.000024	17.980000
-0.000024	17.990000
-0.000025	18.000000
-0.000026	18.010000
-0.000027	18.020000
-0.000028	18.030000
-0.000028	18.040000
-0.000029	18.050000
-0.000030	18.060000
-0.000031	18.070000
-0.000031	18.080000
-0.000032	18.090000
-0.000033	18.100000
-0.000034	18.110000
-0.000034	18.120000
-0.000035	18.130000
-0.000036	18.140000
-0.000037	18.150000
-0.000037	18.160000
-0.000038	18.170000
-0.000039	18.180000
-0.000040	18.190000
-0.000040	18.200000
-0.000041	18.210000
-0.000042	18.220000
-0.000042	18.230000
-0.000043	18.240000
-0.000044	18.250000
-0.000045	18.260000
-0.000045	18.270000
-0.000046	18.280000
-0.000047	18.290000
-0.000047	18.300000
-0.000048	18.310000
-0.000049	18.320000
-0.000050	18.330000
-0.000050	18.340000
-0.000051	18.350000
-0.000052	18.360000
-0.000052	18.370000
-0.000053	18.380000
-0.000054	18.390000
-0.000054	18.400000
-0.000055	18.410000
-0.000056	18.420000
-0.000056	18.430000
-0.000057	18.440000
-0.000058	18.450000
-0.000058	18.460000
-0.000059	18.470000
-0.000060	18.480000
-0.000060	18.490000
-0.000061	18.500000
-0.000062	18.510000
-0.000062	18.520000
-0.000063	18.530000
-0.000063	18.540000
-0.000064	18.550000
-0.000065	18.560000
-0.000065	18.570000
-0.000066	18.580000
-0.000066	18.590000
-0.000067	18.600000
-0.000068	18.610000
-0.000068	18.620000
-0.000069	18.630000
-0.000069	18.640000
-0.000070	18.650000
-0.000071	18.660000
-0.000071	18.670000
-0.000072	18.680000
-0.000072	18.690000
-0.000073	18.700000
-0.000073	18.710000
-0.000074	18.720000
-0.000074	18.730000
-0.000075	18.740000
-0.000075	18.750000
-0.000076	18.760000
-0.000076	18.770000
-0.000077	18.780000
-0.000077	18.790000
-0.000078	18.800000
-0.000079	18.810000
-0.000079	18.820000
-0.000079	18.830000
-0.000080	18.840000
-0.000080	18.850000
-0.000081	18.860000
-0.000081	18.870000
-0.000082	18.880000
-0.000082	18.890000
-0.000083	18.900000
-0.000083	18.910000
-0.000084	18.920000
-0.000084	18.930000
-0.000085	18.940000
-0.000085	18.950000
-0.000085	18.960000
-0.000086	18.970000
-0.000086	18.980000
-0.000087	18.990000
-0.000087	19.000000
-0.000087	19.010000
-0.000088	19.020000
-0.000088	19.030000
-0.000089	19.040000
-0.000089	19.050000
-0.000089	19.060000
-0.000090	19.070000
-0.000090	19.080000
-0.000090	19.090000
-0.000091	19.100000
-0.000091	19.110000
-0.000091	19.120000
-0.000092	19.130000
-0.000092	19.140000
-0.000092	19.150000
-0.000093	19.160000
-0.000093	19.170000
-0.000093	19.180000
-0.000093	19.190000
-0.000094	19.200000
-0.000094	19.210000
-0.000094	19.220000
-0.000095	19.230000
-0.000095	19.240000
-0.000095	19.250000
-0.000095	19.260000
-0.000096	19.270000
-0.000096	19.280000
-0.000096	19.290000
-0.000096	19.300000
-0.000096	19.310000
-0.000097	19.320000
-0.000097	19.330000
-0.000097	19.340000
-0.000097	19.350000
-0.000097	19.360000
-0.000098	19.370000
-0.000098	19.380000
-0.000098	19.390000
-0.000098	19.400000
-0.000098	19.410000
-0.000098	19.420000
-0.000099	19.430000
-0.000099	19.440000
-0.000099	19.450000
-0.000099	19.460000
-0.000099	19.470000
-0.000099	19.480000
-0.000099	19.490000
-0.000099	19.500000
-0.000099	19.510000
-0.000099	19.520000
-0.000100	19.530000
-0.000100	19.540000
-0.000100	19.550000
-0.000100	19.560000
-0.000100	19.570000
-0.000100	19.580000
-0.000100	19.590000
-0.000100	19.600000
-0.000100	19.610000
-0.000100	19.620000
-0.000100	19.630000
-0.000100	19.640000
-0.000100	19.650000
-0.000100	19.660000
-0.000100	19.670000
-0.000100	19.680000
-0.000100	19.690000
-0.000100	19.700000
-0.000100	19.710000
-0.000100	19.720000
-0.000100	19.730000
-0.000100	19.740000
-0.000100	19.750000
-0.000100	19.760000
-0.000099	19.770000
-0.000099	19.780000
-0.000099	19.790000
-0.000099	19.800000
-0.000099	19.810000
-0.000099	19.820000
-0.000099	19.830000
-0.000099	19.840000
-0.000099	19.850000
-0.000099	19.860000
-0.000098	19.870000
-0.000098	19.880000
-0.000098	19.890000
-0.000098	19.900000
-0.000098	19.910000
-0.000098	19.920000
-0.000097	19.930000
-0.000097	19.940000
-0.000097	19.950000
-0.000097	19.960000
-0.000097	19.970000
-0.000096	19.980000
-0.000096	19.990000
-0.000096	20.000000
-0.000096	20.010000
-0.000096	20.020000
-0.000095	20.030000
-0.000095	20.040000
-0.000095	20.050000
-0.000095	20.060000
-0.000094	20.070000
-0.000094	20.080000
-0.000094	20.090000
-0.000093	20.100000
-0.000093	20.110000
-0.000093	20.120000
-0.000093	20.130000
-0.000092	20.140000
-0.000092	20.150000
-0.000092	20.160000
-0.000091	20.170000
-0.000091	20.180000
-0.000091	20.190000
-0.000090	20.200000
-0.000090	20.210000
-0.000090	20.220000
-0.000089	20.230000
-0.000089	20.240000
-0.000089	20.250000
-0.000088	20.260000
-0.000088	20.270000
-0.000087	20.280000
-0.000087	20.290000
-0.000087	20.300000
-0.000086	20.310000
-0.000086	20.320000
-0.000085	20.330000
-0.000085	20.340000
-0.000085	20.350000
-0.000084	20.360000
-0.000084	20.370000
-0.000083	20.380000
-0.000083	20.390000
-0.000082	20.400000
-0.000082	20.410000
-0.000081	20.420000
-0.000081	20.430000
-0.000080	20.440000
-0.000080	20.450000
-0.000079	20.460000
-0.000079	20.470000
-0.000078	20.480000
-0.000078	20.490000
-0.000077	20.500000
-0.000077	20.510000
-0.000076	20.520000
-0.000076	20.530000
-0.000075	20.540000
-0.000075	20.550000
-0.000074	20.560000
-0.000074	20.570000
-0.000073	20.580000
-0.000073	20.590000
-0.000072	20.600000
-0.000072	20.610000
-0.000071	20.620000
-0.000071	20.630000
-0.000070	20.640000
-0.000069	20.650000
-0.000069	20.660000
-0.000068	20.670000
-0.000068	20.680000
-0.000067	20.690000
-0.000066	20.700000
-0.000066	20.710000
-0.000065	20.720000
-0.000065	20.730000
-0.000064	20.740000
-0.000063	20.750000
-0.000063	20.760000
-0.000062	20.770000
-0.000062	20.780000
-0.000061	20.790000
-0.000060	20.800000
-0.000060	20.810000
-0.000059	20.820000
-0.000058	20.830000
-0.000058	20.840000
-0.000057	20.850000
-0.000056	20.860000
-0.000056	20.870000
-0.000055	20.880000
-0.000054	20.890000
-0.000054	20.900000
-0.000053	20.910000
-0.000052	20.920000
-0.000052	20.930000
-0.000051	20.940000
-0.000050	20.950000
-0.000050	20.960000
-0.000049	20.970000
-0.000048	20.980000
-0.000047	20.990000
-0.000047	21.000000
-0.000046	21.010000
-0.000045	21.020000
-0.000045	21.030000
-0.000044	21.040000
-0.000043	21.050000
-0.000042	21.060000
-0.000042	21.070000
-0.000041	21.080000
-0.000040	21.090000
-0.000040	21.100000
-0.000039	21.110000
-0.000038	21.120000
-0.000037	21.130000
-0.000037	21.140000
-0.000036	21.150000
-0.000035	21.160000
-0.000034	21.170000
-0.000034	21.180000
-0.000033	21.190000
-0.000032	21.200000
-0.000031	21.210000
-0.000031	21.220000
-0.000030	21.230000
-0.000029	21.240000
-0.000028	21.250000
-0.000028	21.260000
-0.000027	21.270000
-0.000026	21.280000
-0.000025	21.290000
-0.000024	21.300000
-0.000024	21.310000
-0.000023	21.320000
-0.000022	21.330000
-0.000021	21.340000
-0.000021	21.350000
-0.000020	21.360000
-0.000019	21.370000
-0.000018	21.380000
-0.000017	21.390000
-0.000017	21.400000
-0.000016	21.410000
-0.000015	21.420000
-0.000014	21.430000
-0.000013	21.440000
-0.000013	21.450000
-0.000012	21.460000
-0.000011	21.470000
-0.000010	21.480000
-0.000009	21.490000
-0.000009	21.500000
-0.000008	21.510000
-0.000007	21.520000
-0.000006	21.530000
-0.000005	21.540000
-0.000005	21.550000
-0.000004	21.560000
-0.000003	21.570000
-0.000002	21.580000
-0.000001	21.590000
-0.000001	21.600000
0.000000	21.610000
0.000001	21.620000
0.000002	21.630000
0.000003	21.640000
0.000003	21.650000
0.000004	21.660000
0.000005	21.670000
0.000006	21.680000
0.000007	21.690000
0.000007	21.700000
0.000008	21.710000
0.000009	21.720000
0.000010	21.730000
0.000011	21.740000
0.000011	21.750000
0.000012	21.760000
0.000013	21.770000
0.000014	21.780000
0.000014	21.790000
0.000015	21.800000
0.000016	21.810000
0.000017	21.820000
0.000018	21.830000
0.000018	21.840000
0.000019	21.850000
0.000020	21.860000
0.000021	21.870000
0.000022	21.880000
0.000022	21.890000
0.000023	21.900000
0.000024	21.910000
0.000025	21.920000
0.000025	21.930000
0.000026	21.940000
0.000027	21.950000
0.000028	21.960000
0.000029	21.970000
0.000029	21.980000
0.000030	21.990000
0.000031	22.000000
0.000032	22.010000
0.000032	22.020000
0.000033	22.030000
0.000034	22.040000
0.000035	22.050000
0.000035	22.060000
0.000036	22.070000
0.000037	22.080000
0.000038	22.090000
0.000038	22.100000
0.000039	22.110000
0.000040	22.120000
0.000041	22.130000
0.000041	22.140000
0.000042	22.150000
0.000043	22.160000
0.000043	22.170000
0.000044	22.180000
0.000045	22.190000
0.000046	22.200000
0.000046	22.210000
0.000047	22.220000
0.000048	22.230000
0.000048	22.240000
0.000049	22.250000
0.000050	22.260000
0.000050	22.270000
0.000051	22.280000
0.000052	22.290000
0.000053	22.300000
0.000053	22.310000
0.000054	22.320000
0.000055	22.330000
0.000055	22.340000
0.000056	22.350000
0.000057	22.360000
0.000057	22.370000
0.000058	22.380000
0.000059	22.390000
0.000059	22.400000
0.000060	22.410000
0.000060	22.420000
0.000061	22.430000
0.000062	22.440000
0.000062	22.450000
0.000063	22.460000
0.000064	22.470000
0.000064	22.480000
0.000065	22.490000
0.000065	22.500000
0.000066	22.510000
0.000067	22.520000
0.000067	22.530000
0.000068	22.540000
0.000068	22.550000
0.000069	22.560000
0.000070	22.570000
0.000070	22.580000
0.000071	22.590000
0.000071	22.600000
0.000072	22.610000
0.000072	22.620000
0.000073	22.630000
0.000073	22.640000
0.000074	22.650000
0.000075	22.660000
0.000075	22.670000
0.000076	22.680000
0.000076	22.690000
0.000077	22.700000
0.000077	22.710000
0.000078	22.720000
0.000078	22.730000
0.000079	22.740000
0.000079	22.750000
0.000080	22.760000
0.000080	22.770000
0.000081	22.780000
0.000081	22.790000
0.000082	22.800000
0.000082	22.810000
0.000082	22.820000
0.000083	22.830000
0.000083	22.840000
0.000084	22.850000
0.000084	22.860000
0.000085	22.870000
0.000085	22.880000
0.000085	22.890000
0.000086	22.900000
0.000086	22.910000
0.000087	22.920000
0.000087	22.930000
0.000087	22.940000
0.000088	22.950000
0.000088	22.960000
0.000089	22.970000
0.000089	22.980000
0.000089	22.990000
0.000090	23.000000
0.000090	23.010000
0.000090	23.020000
0.000091	23.030000
0.000091	23.040000
0.000091	23.050000
0.000092	23.060000
0.000092	23.070000
0.000092	23.080000
0.000093	23.090000
0.000093	23.100000
0.000093	23.110000
0.000094	23.120000
0.000094	23.130000
0.000094	23.140000
0.000094	23.150000
0.000095	23.160000
0.000095	23.170000
0.000095	23.180000
0.000095	23.190000
0.000096	23.200000
0.000096	23.210000
0.000096	23.220000
0.000096	23.230000
0.000096	23.240000
0.000097	23.250000
0.000097	23.260000
0.000097	23.270000
0.000097	23.280000
0.000097	23.290000
0.000098	23.300000
0.000098	23.310000
0.000098	23.320000
0.000098	23.330000
0.000098	23.340000
0.000098	23.350000
0.000099	23.360000
0.000099	23.370000
0.000099	23.380000
0.000099	23.390000
0.000099	23.400000
0.000099	23.410000
0.000099	23.420000
0.000099	23.430000
0.000099	23.440000
0.000100	23.450000
0.000100	23.460000
0.000100	23.470000
0.000100	23.480000
0.000100	23.490000
0.000100	23.500000
0.000100	23.510000
0.000100	23.520000
0.000100	23.530000
0.000100	23.540000
0.000100	23.550000
0.000100	23.560000
0.000100	23.570000
0.000100	23.580000
0.000100	23.590000
0.000100	23.600000
0.000100	23.610000
0.000100	23.620000
0.000100	23.630000
0.000100	23.640000
0.000100	23.650000
0.000100	23.660000
0.000100	23.670000
0.000100	23.680000
0.000100	23.690000
0.000099	23.700000
0.000099	23.710000
0.000099	23.720000
0.000099	23.730000
0.000099	23.740000
0.000099	23.750000
0.000099	23.760000
0.000099	23.770000
0.000099	23.780000
0.000098	23.790000
0.000098	23.800000
0.000098	23.810000
0.000098	23.820000
0.000098	23.830000
0.000098	23.840000
0.000098	23.850000
0.000097	23.860000
0.000097	23.870000
0.000097	23.880000
0.000097	23.890000
0.000097	23.900000
0.000096	23.910000
0.000096	23.920000
0.000096	23.930000
0.000096	23.940000
0.000095	23.950000
0.000095	23.960000
0.000095	23.970000
0.000095	23.980000
0.000094	23.990000
0.000094	24.000000
0.000094	24.010000
0.000094	24.020000
0.000093	24.030000
0.000093	24.040000
0.000093	24.050000
0.000092	24.060000
0.000092	24.070000
0.000092	24.080000
0.000092	24.090000
0.000091	24.100000
0.000091	24.110000
0.000091	24.120000
0.000090	24.130000
0.000090	24.140000
0.000089	24.150000
0.000089	24.160000
0.000089	24.170000
0.000088	24.180000
0.000088	24.190000
0.000088	24.200000
0.000087	24.210000
0.000087	24.220000
0.000086	24.230000
0.000086	24.240000
0.000086	24.250000
0.000085	24.260000
0.000085	24.270000
0.000084	24.280000
0.000084	24.290000
0.000084	24.300000
0.000083	24.310000
0.000083	24.320000
0.000082	24.330000
0.000082	24.340000
0.000081	24.350000
0.000081	24.360000
0.000080	24.370000
0.000080	24.380000
0.000079	24.390000
0.000079	24.400000
0.000078	24.410000
0.000078	24.420000
0.000077	24.430000
0.000077	24.440000
0.000076	24.450000
0.000076	24.460000
0.000075	24.470000
0.000075	24.480000
0.000074	24.490000
0.000074	24.500000
0.000073	24.510000
0.000073	24.520000
0.000072	24.530000
0.000071	24.540000
0.000071	24.550000
0.000070	24.560000
0.000070	24.570000
0.000069	24.580000
0.000069	24.590000
0.000068	24.600000
0.000067	24.610000
0.000067	24.620000
0.000066	24.630000
0.000066	24.640000
0.000065	24.650000
0.000064	24.660000
0.000064	24.670000
0.000063	24.680000
0.000063	24.690000
0.000062	24.700000
0.000061	24.710000
0.000061	24.720000
0.000060	24.730000
0.000059	24.740000
0.000059	24.750000
0.000058	24.760000
0.000057	24.770000
0.000057	24.780000
0.000056	24.790000
0.000055	24.800000
0.000055	24.810000
0.000054	24.820000
0.000053	24.830000
0.000053	24.840000
0.000052	24.850000
0.000051	24.860000
0.000051	24.870000
0.000050	24.880000
0.000049	24.890000
0.000049	24.900000
0.000048	24.910000
0.000047	24.920000
0.000047	24.930000
0.000046	24.940000
0.000045	24.950000
0.000044	24.960000
0.000044	24.970000
0.000043	24.980000
0.000042	24.990000
0.000042	25.000000
0.000041	25.010000
0.000040	25.020000
0.000039	25.030000
0.000039	25.040000
0.000038	25.050000
0.000037	25.060000
0.000036	25.070000
0.000036	25.080000
0.000035	25.090000
0.000034	25.100000
0.000033	25.110000
0.000033	25.120000
0.000032	25.130000
0.000031	25.140000
0.000030	25.150000
0.000030	25.160000
0.000029	25.170000
0.000028	25.180000
0.000027	25.190000
0.000027	25.200000
0.000026	25.210000
0.000025	25.220000
0.000024	25.230000
0.000023	25.240000
0.000023	25.250000
0.000022	25.260000
0.000021	25.270000
0.000020	25.280000
0.000020	25.290000
0.000019	25.300000
0.000018	25.310000
0.000017	25.320000
0.000016	25.330000
0.000016	25.340000
0.000015	25.350000
0.000014	25.360000
0.000013	25.370000
0.000012	25.380000
0.000012	25.390000
0.000011	25.400000
0.000010	25.410000
0.000009	25.420000
0.000008	25.430000
0.000008	25.440000
0.000007	25.450000
0.000006	25.460000
0.000005	25.470000
0.000004	25.480000
0.000004	25.490000
0.000003	25.500000
0.000002	25.510000
0.000001	25.520000
0.000000	25.530000
-0.000000	25.540000
-0.000001	25.550000
-0.000002	25.560000
-0.000003	25.570000
-0.000004	25.580000
-0.000004	25.590000
-0.000005	25.600000
-0.000006	25.610000
-0.000007	25.620000
-0.000008	25.630000
-0.000008	25.640000
-0.000009	25.650000
-0.000010	25.660000
-0.000011	25.670000
-0.000012	25.680000
-0.000012	25.690000
-0.000013	25.700000
-0.000014	25.710000
-0.000015	25.720000
-0.000016	25.730000
-0.000016	25.740000
-0.000017	25.750000
-0.000018	25.760000
-0.000019	25.770000
-0.000019	25.780000
-0.000020	25.790000
-0.000021	25.800000
-0.000022	25.810000
-0.000023	25.820000
-0.000023	25.830000
-0.000024	25.840000
-0.000025	25.850000
-0.000026	25.860000
-0.000026	25.870000
-0.000027	25.880000
-0.000028	25.890000
-0.000029	25.900000
-0.000030	25.910000
-0.000030	25.920000
-0.000031	25.930000
-0.000032	25.940000
-0.000033	25.950000
-0.000033	25.960000
-0.000034	25.970000
-0.000035	25.980000
-0.000036	25.990000
-0.000036	26.000000
-0.000037	26.010000
-0.000038	26.020000
-0.000039	26.030000
-0.000039	26.040000
-0.000040	26.050000
-0.000041	26.060000
-0.000041	26.070000
-0.000042	26.080000
-0.000043	26.090000
-0.000044	26.100000
-0.000044	26.110000
-0.000045	26.120000
-0.000046	26.130000
-0.000046	26.140000
-0.000047	26.150000
-0.000048	26.160000
-0.000049	26.170000
-0.000049	26.180000
-0.000050	26.190000
-0.000051	26.200000
-0.000051	26.210000
-0.000052	26.220000
-0.000053	26.230000
-0.000053	26.240000
-0.000054	26.250000
-0.000055	26.260000
-0.000055	26.270000
-0.000056	26.280000
-0.000057	26.290000
-0.000057	26.300000
-0.000058	26.310000
-0.000059	26.320000
-0.000059	26.330000
-0.000060	26.340000
-0.000061	26.350000
-0.000061	26.360000
-0.000062	26.370000
-0.000063	26.380000
-0.000063	26.390000
-0.000064	26.400000
-0.000064	26.410000
-0.000065	26.420000
-0.000066	26.430000
-0.000066	26.440000
-0.000067	26.450000
-0.000067	26.460000
-0.000068	26.470000
-0.000069	26.480000
-0.000069	26.490000
-0.000070	26.500000
-0.000070	26.510000
-0.000071	26.520000
-0.000071	26.530000
-0.000072	26.540000
-0.000073	26.550000
-0.000073	26.560000
-0.000074	26.570000
-0.000074	26.580000
-0.000075	26.590000
-0.000075	26.600000
-0.000076	26.610000
-0.000076	26.620000
-0.000077	26.630000
-0.000077	26.640000
-0.000078	26.650000
-0.000078	26.660000
-0.000079	26.670000
-0.000079	26.680000
-0.000080	26.690000
-0.000080	26.700000
-0.000081	26.710000
-0.000081	26.720000
-0.000082	26.730000
-0.000082	26.740000
-0.000083	26.750000
-0.000083	26.760000
-0.000083	26.770000
-0.000084	26.780000
-0.000084	26.790000
-0.000085	26.800000
-0.000085	26.810000
-0.000086	26.820000
-0.000086	26.830000
-0.000086	26.840000
-0.000087	26.850000
-0.000087	26.860000
-0.000088	26.870000
-0.000088	26.880000
-0.000088	26.890000
-0.000089	26.900000
-0.000089	26.910000
-0.000089	26.920000
-0.000090	26.930000
-0.000090	26.940000
-0.000091	26.950000
-0.000091	26.960000
-0.000091	26.970000
-0.000091	26.980000
-0.000092	26.990000
-0.000092	27.000000
-0.000092	27.010000
-0.000093	27.020000
-0.000093	27.030000
-0.000093	27.040000
-0.000094	27.050000
-0.000094	27.060000
-0.000094	27.070000
-0.000094	27.080000
-0.000095	27.090000
-0.000095	27.100000
-0.000095	27.110000
-0.000095	27.120000
-0.000096	27.130000
-0.000096	27.140000
-0.000096	27.150000
-0.000096	27.160000
-0.000097	27.170000
-0.000097	27.180000
-0.000097	27.190000
-0.000097	27.200000
-0.000097	27.210000
-0.000098	27.220000
-0.000098	27.230000
-0.000098	27.240000
-0.000098	27.250000
-0.000098	27.260000
-0.000098	27.270000
-0.000098	27.280000
-0.000099	27.290000
-0.000099	27.300000
-0.000099	27.310000
-0.000099	27.320000
-0.000099	27.330000
-0.000099	27.340000
-0.000099	27.350000
-0.000099	27.360000
-0.000099	27.370000
-0.000100	27.380000
-0.000100	27.390000
-0.000100	27.400000
-0.000100	27.410000
-0.000100	27.420000
-0.000100	27.430000
-0.000100	27.440000
-0.000100	27.450000
-0.000100	27.460000
-0.000100	27.470000
-0.000100	27.480000
-0.000100	27.490000
-0.000100	27.500000
-0.000100	27.510000
-0.000100	27.520000
-0.000100	27.530000
-0.000100	27.540000
-0.000100	27.550000
-0.000100	27.560000
-0.000100	27.570000
-0.000100	27.580000
-0.000100	27.590000
-0.000100	27.600000
-0.000100	27.610000
-0.000100	27.620000
-0.000099	27.630000
-0.000099	27.640000
-0.000099	27.650000
-0.000099	27.660000
-0.000099	27.670000
-0.000099	27.680000
-0.000099	27.690000
-0.000099	27.700000
-0.000099	27.710000
-0.000098	27.720000
-0.000098	27.730000
-0.000098	27.740000
-0.000098	27.750000
-0.000098	27.760000
-0.000098	27.770000
-0.000097	27.780000
-0.000097	27.790000
-0.000097	27.800000
-0.000097	27.810000
-0.000097	27.820000
-0.000097	27.830000
-0.000096	27.840000
-0.000096	27.850000
-0.000096	27.860000
-0.000096	27.870000
-0.000095	27.880000
-0.000095	27.890000
-0.000095	27.900000
-0.000095	27.910000
-0.000094	27.920000
-0.000094	27.930000
-0.000094	27.940000
-0.000094	27.950000
-0.000093	27.960000
-0.000093	27.970000
-0.000093	27.980000
-0.000092	27.990000
-0.000092	28.000000
-0.000092	28.010000
-0.000091	28.020000
-0.000091	28.030000
-0.000091	28.040000
-0.000090	28.050000
-0.000090	28.060000
-0.000090	28.070000
-0.000089	28.080000
-0.000089	28.090000
-0.000089	28.100000
-0.000088	28.110000
-0.000088	28.120000
-0.000088	28.130000
-0.000087	28.140000
-0.000087	28.150000
-0.000086	28.160000
-0.000086	28.170000
-0.000086	28.180000
-0.000085	28.190000
-0.000085	28.200000
-0.000084	28.210000
-0.000084	28.220000
-0.000083	28.230000
-0.000083	28.240000
-0.000082	28.250000
-0.000082	28.260000
-0.000082	28.270000
-0.000081	28.280000
-0.000081	28.290000
-0.000080	28.300000
-0.000080	28.310000
-0.000079	28.320000
-0.000079	28.330000
-0.000078	28.340000
-0.000078	28.350000
-0.000077	28.360000
-0.000077	28.370000
-0.000076	28.380000
-0.000076	28.390000
-0.000075	28.400000
-0.000075	28.410000
-0.000074	28.420000
-0.000074	28.430000
-0.000073	28.440000
-0.000072	28.450000
-0.000072	28.460000
-0.000071	28.470000
-0.000071	28.480000
-0.000070	28.490000
-0.000070	28.500000
-0.000069	28.510000
-0.000068	28.520000
-0.000068	28.530000
-0.000067	28.540000
-0.000067	28.550000
-0.000066	28.560000
-0.000065	28.570000
-0.000065	28.580000
-0.000064	28.590000
-0.000064	28.600000
-0.000063	28.610000
-0.000062	28.620000
-0.000062	28.630000
-0.000061	28.640000
-0.000061	28.650000
-0.000060	28.660000
-0.000059	28.670000
-0.000059	28.680000
-0.000058	28.690000
-0.000057	28.700000
-0.000057	28.710000
-0.000056	28.720000
-0.000055	28.730000
-0.000055	28.740000
-0.000054	28.750000
-0.000053	28.760000
-0.000053	28.770000
-0.000052	28.780000
-0.000051	28.790000
-0.000051	28.800000
-0.000050	28.810000
-0.000049	28.820000
-0.000048	28.830000
-0.000048	28.840000
-0.000047	28.850000
-0.000046	28.860000
-0.000046	28.870000
-0.000045	28.880000
-0.000044	28.890000
-0.000043	28.900000
-0.000043	28.910000
-0.000042	28.920000
-0.000041	28.930000
-0.000041	28.940000
-0.000040	28.950000
-0.000039	28.960000
-0.000038	28.970000
-0.000038	28.980000
-0.000037	28.990000
-0.000036	29.000000
-0.000035	29.010000
-0.000035	29.020000
-0.000034	29.030000
-0.000033	29.040000
-0.000032	29.050000
-0.000032	29.060000
-0.000031	29.070000
-0.000030	29.080000
-0.000029	29.090000
-0.000029	29.100000
-0.000028	29.110000
-0.000027	29.120000
-0.000026	29.130000
-0.000026	29.140000
-0.000025	29.150000
-0.000024	29.160000
-0.000023	29.170000
-0.000022	29.180000
-0.000022	29.190000
-0.000021	29.200000
-0.000020	29.210000
-0.000019	29.220000
-0.000018	29.230000
-0.000018	29.240000
-0.000017	29.250000
-0.000016	29.260000
-0.000015	29.270000
-0.000015	29.280000
-0.000014	29.290000
-0.000013	29.300000
-0.000012	29.310000
-0.000011	29.320000
-0.000011	29.330000
-0.000010	29.340000
-0.000009	29.350000
-0.000008	29.360000
-0.000007	29.370000
-0.000007	29.380000
-0.000006	29.390000
-0.000005	29.400000
-0.000004	29.410000
-0.000003	29.420000
-0.000003	29.430000
-0.000002	29.440000
-0.000001	29.450000
-0.000000	29.460000
0.000001	29.470000
0.000001	29.480000
0.000002	29.490000
0.000003	29.500000
0.000004	29.510000
0.000005	29.520000
0.000005	29.530000
0.000006	29.540000
0.000007	29.550000
0.000008	29.560000
0.000009	29.570000
0.000009	29.580000
0.000010	29.590000
0.000011	29.600000
0.000012	29.610000
0.000013	29.620000
0.000013	29.630000
0.000014	29.640000
0.000015	29.650000
0.000016	29.660000
0.000017	29.670000
0.000017	29.680000
0.000018	29.690000
0.000019	29.700000
0.000020	29.710000
0.000020	29.720000
0.000021	29.730000
0.000022	29.740000
0.000023	29.750000
0.000024	29.760000
0.000024	29.770000
0.000025	29.780000
0.000026	29.790000
0.000027	29.800000
0.000027	29.810000
0.000028	29.820000
0.000029	29.830000
0.000030	29.840000
0.000031	29.850000
0.000031	29.860000
0.000032	29.870000
0.000033	29.880000
0.000034	29.890000
0.000034	29.900000
0.000035	29.910000
0.000036	29.920000
0.000037	29.930000
0.000037	29.940000
0.000038	29.950000
0.000039	29.960000
0.000039	29.970000
0.000040	29.980000
0.000041	29.990000
0.000042	30.000000
0.000042	30.010000
0.000043	30.020000
0.000044	30.030000
0.000045	30.040000
0.000045	30.050000
0.000046	30.060000
0.000047	30.070000
0.000047	30.080000
0.000048	30.090000
0.000049	30.100000
0.000050	30.110000
0.000050	30.120000
0.000051	30.130000
0.000052	30.140000
0.000052	30.150000
0.000053	30.160000
0.000054	30.170000
0.000054	30.180000
0.000055	30.190000
0.000056	30.200000
0.000056	30.210000
0.000057	30.220000
0.000058	30.230000
0.000058	30.240000
0.000059	30.250000
0.000060	30.260000
0.000060	30.270000
0.000061	30.280000
0.000061	30.290000
0.000062	30.300000
0.000063	30.310000
0.000063	30.320000
0.000064	30.330000
0.000065	30.340000
0.000065	30.350000
0.000066	30.360000
0.000066	30.370000
0.000067	30.380000
0.000068	30.390000
0.000068	30.400000
0.000069	30.410000
0.000069	30.420000
0.000070	30.430000
0.000070	30.440000
0.000071	30.450000
0.000072	30.460000
0.000072	30.470000
0.000073	30.480000
0.000073	30.490000
0.000074	30.500000
0.000074	30.510000
0.000075	30.520000
0.000075	30.530000
0.000076	30.540000
0.000076	30.550000
0.000077	30.560000
0.000077	30.570000
0.000078	30.580000
0.000078	30.590000
0.000079	30.600000
0.000079	30.610000
0.000080	30.620000
0.000080	30.630000
0.000081	30.640000
0.000081	30.650000
0.000082	30.660000
0.000082	30.670000
0.000083	30.680000
0.000083	30.690000
0.000084	30.700000
0.000084	30.710000
0.000084	30.720000
0.000085	30.730000
0.000085	30.740000
0.000086	30.750000
0.000086	30.760000
0.000087	30.770000
0.000087	30.780000
0.000087	30.790000
0.000088	30.800000
0.000088	30.810000
0.000088	30.820000
0.000089	30.830000
0.000089	30.840000
0.000090	30.850000
0.000090	30.860000
0.000090	30.870000
0.000091	30.880000
0.000091	30.890000
0.000091	30.900000
0.000092	30.910000
0.000092	30.920000
0.000092	30.930000
0.000093	30.940000
0.000093	30.950000
0.000093	30.960000
0.000093	30.970000
0.000094	30.980000
0.000094	30.990000
0.000094	31.000000
0.000095	31.010000
0.000095	31.020000
0.000095	31.030000
0.000095	31.040000
0.000096	31.050000
0.000096	31.060000
0.000096	31.070000
0.000096	31.080000
0.000096	31.090000
0.000097	31.100000
0.000097	31.110000
0.000097	31.120000
0.000097	31.130000
0.000097	31.140000
0.000098	31.150000
0.000098	31.160000
0.000098	31.170000
0.000098	31.180000
0.000098	31.190000
0.000098	31.200000
0.000099	31.210000
0.000099	31.220000
0.000099	31.230000
0.000099	31.240000
0.000099	31.250000
0.000099	31.260000
0.000099	31.270000
0.000099	31.280000
0.000099	31.290000
0.000099	31.300000
0.000100	31.310000
0.000100	31.320000
0.000100	31.330000
0.000100	31.340000
0.000100	31.350000
0.000100	31.360000
0.000100	31.370000
0.000100	31.380000
0.000100	31.390000
0.000100	31.400000
