0  0.113500
1  0.053300
2  0.026500
3  0.030800
4  0.022700
5  0.020300
6  0.018900
7  0.016100
8  0.016800
9  0.016400
10  0.014900
11  0.016400
12  0.014600
13  0.016100
14  0.015100
15  0.012900
16  0.014500
17  0.014200
18  0.014500
19  0.014500
20  0.014100
21  0.013600
22  0.011900
23  0.011000
24  0.011400
25  0.012900
26  0.012900
27  0.012100
28  0.013300
29  0.013000
30  0.012900
31  0.015000
32  0.011500
33  0.015500
34  0.013300
35  0.014500
36  0.014400
37  0.015200
38  0.013900
39  0.014600
40  0.016800
41  0.016900
42  0.016300
43  0.018700
44  0.018100
45  0.022000
46  0.022300
47  0.030000
48  0.030400
49  0.058500
50  -85899.346000
