1  0
2  0
3  0
4  0
5  1
6  1
7  1
8  1
9  1
10  1
11  2
12  2
13  2
14  2
15  2
16  2
17  2
18  2
19  2
20  2
21  2
22  2
23  3
24  3
25  3
26  3
27  3
28  3
29  3
30  3
31  3
32  4
33  3
34  3
35  4
36  4
37  4
38  4
39  4
40  4
41  4
42  4
43  3
44  4
45  4
46  4
47  5
48  4
49  5
50  4
51  5
52  4
53  4
54  4
55  5
56  5
57  4
58  5
59  5
60  6
61  5
62  5
63  5
64  5
65  5
66  5
67  5
68  5
69  5
70  5
71  6
72  5
73  5
74  6
75  5
76  6
77  7
78  6
79  6
80  5
81  5
82  6
83  6
84  6
85  5
86  6
87  6
88  6
89  6
90  6
91  6
92  6
93  6
94  6
95  6
96  5
97  5
98  6
99  6
100  6
101  6
102  7
103  7
104  7
105  7
106  7
107  7
108  6
109  7
110  8
111  7
112  8
113  7
114  7
115  6
116  6
117  8
118  8
119  7
120  7
121  7
122  6
123  8
124  8
125  7
126  8
127  7
128  7
129  7
130  8
131  8
132  9
133  7
134  8
135  6
136  8
137  8
138  9
139  8
140  7
141  9
142  7
143  9
144  8
145  8
146  8
147  9
148  9
149  8
150  7
151  7
152  7
153  9
154  9
155  9
156  9
157  10
158  8
159  9
160  9
161  7
162  9
163  9
164  8
165  10
166  9
167  7
168  10
169  8
170  9
171  8
172  9
173  10
174  10
175  9
176  10
177  9
178  9
179  10
180  9
181  9
182  9
183  9
184  9
185  9
186  10
187  9
188  9
189  9
190  10
191  10
192  8
193  9
194  11
195  9
196  11
197  10
198  10
199  10
200  9
201  10
202  9
203  11
204  9
205  10
206  11
207  10
208  10
209  11
210  10
211  11
212  10
213  10
214  11
215  9
216  11
217  10
218  9
219  11
220  11
221  10
222  11
223  10
224  11
225  10
226  12
227  9
228  11
229  10
230  11
231  10
232  11
233  10
234  11
235  9
236  9
237  12
238  12
239  11
240  12
241  12
242  12
243  10
244  11
245  12
246  11
247  12
248  11
249  11
250  13
251  11
252  11
253  11
254  13
255  11
256  11
257  12
258  10
259  13
260  13
261  11
262  11
263  12
264  12
265  9
266  11
267  12
268  12
269  11
270  12
271  13
272  12
273  9
274  13
275  11
276  11
277  13
278  10
279  13
280  11
281  10
282  13
283  12
284  10
285  13
286  10
287  12
288  13
289  14
290  13
291  13
292  13
293  13
294  13
295  13
296  12
297  11
298  13
299  12
300  13
301  11
302  11
303  13
304  13
305  14
306  12
307  13
308  11
309  16
310  13
311  13
312  12
313  12
314  12
315  13
316  11
317  13
318  12
319  13
320  11
321  15
322  13
323  13
324  14
325  13
326  12
327  12
328  13
329  13
330  12
331  12
332  11
333  12
334  12
335  14
336  13
337  12
338  13
339  13
340  12
341  14
342  18
343  13
344  14
345  11
346  12
347  13
348  15
349  13
350  13
351  14
352  13
353  14
354  14
355  14
356  13
357  12
358  14
359  14
360  13
361  15
362  13
363  13
364  14
365  13
366  14
367  13
368  13
369  13
370  15
371  14
372  15
373  14
374  15
375  15
376  12
377  13
378  15
379  14
380  14
381  15
382  13
383  13
384  14
385  14
386  14
387  14
388  14
389  14
390  14
391  15
392  13
393  15
394  14
395  14
396  14
397  14
398  14
399  14
400  14
