0.1000000 -0.0909297 1.9954535
0.2000000 -0.1822332 1.9818046
0.3000000 -0.2742614 1.9589977
0.4000000 -0.3673222 1.9269436
0.5000000 -0.4616555 1.8855252
0.6000000 -0.5574072 1.8346052
0.7000000 -0.6545989 1.7740375
0.8000000 -0.7530960 1.7036805
0.9000000 -0.8525723 1.6234150
1.0000000 -0.9524765 1.5331647
1.1000000 -1.0520003 1.4329206
1.2000000 -1.1500559 1.3227680
1.3000000 -1.2452670 1.2029154
1.4000000 -1.3359815 1.0737232
1.5000000 -1.4203122 0.9357302
1.6000000 -1.4962114 0.7896738
1.7000000 -1.5615795 0.6365020
1.8000000 -1.6144030 0.4773722
1.9000000 -1.6529104 0.3136346
2.0000000 -1.6757263 0.1468010
2.1000000 -1.6820016 -0.0215030
2.2000000 -1.6714981 -0.1895957
2.3000000 -1.6446137 -0.3558032
2.4000000 -1.6023410 -0.5185228
2.5000000 -1.5461699 -0.6762789
2.6000000 -1.4779483 -0.8277664
2.7000000 -1.3997264 -0.9718792
2.8000000 -1.3136030 -1.1077221
2.9000000 -1.2215946 -1.2346089
3.0000000 -1.1255344 -1.3520483
3.1000000 -1.0270076 -1.4597209
3.2000000 -0.9273175 -1.5574525
3.3000000 -0.8274794 -1.6451847
3.4000000 -0.7282337 -1.7229464
3.5000000 -0.6300714 -1.7908276
3.6000000 -0.5332663 -1.8489553
3.7000000 -0.4379101 -1.8974741
3.8000000 -0.3439466 -1.9365295
3.9000000 -0.2512029 -1.9662549
4.0000000 -0.1594193 -1.9867611
4.1000000 -0.0682745 -1.9981293
4.2000000 0.0225904 -2.0004064
4.3000000 0.1135502 -1.9936017
4.4000000 0.2049743 -1.9776870
4.5000000 0.2972058 -1.9525978
4.6000000 0.3905385 -1.9182372
4.7000000 0.4851920 -1.8744822
4.8000000 0.5812851 -1.8211917
4.9000000 0.6788045 -1.7582192
5.0000000 0.7775721 -1.6854263
5.1000000 0.8772100 -1.6027019
5.2000000 0.9771066 -1.5099834
5.3000000 1.0763873 -1.4072820
5.4000000 1.1738935 -1.2947100
5.5000000 1.2681791 -1.1725100
5.6000000 1.3575290 -1.0410834
5.7000000 1.4400081 -0.9010158
5.8000000 1.5135437 -0.7530952
5.9000000 1.5760426 -0.5983213
6.0000000 1.6255349 -0.4379008
6.1000000 1.6603309 -0.2732271
6.2000000 1.6791723 -0.1058448
6.3000000 1.6813531 0.0626007
6.4000000 1.6667904 0.2304232
6.5000000 1.6360335 0.3959603
6.6000000 1.5902080 0.5576352
6.7000000 1.5309056 0.7140100
6.8000000 1.4600393 0.8638263
6.9000000 1.3796855 1.0060285
7.0000000 1.2919351 1.1397735
7.1000000 1.1987685 1.2644243
7.2000000 1.1019637 1.3795340
7.3000000 1.0030397 1.4848215
7.4000000 0.9032295 1.5801440
7.5000000 0.8034798 1.6654672
7.6000000 0.7044676 1.7408375
7.7000000 0.6066276 1.8063564
7.8000000 0.5101861 1.8621572
7.9000000 0.4151955 1.9083866
8.0000000 0.3215680 1.9451883
8.1000000 0.2291069 1.9726915
8.2000000 0.1375349 1.9910006
8.3000000 0.0465192 2.0001890
8.4000000 -0.0443053 2.0002949
8.5000000 -0.1353146 1.9913185
8.6000000 -0.2268742 1.9732226
8.7000000 -0.3193180 1.9459346
8.8000000 -0.4129248 1.9093506
8.9000000 -0.5078937 1.8633419
9.0000000 -0.6043153 1.8077650
9.1000000 -0.7021409 1.7424732
9.2000000 -0.8011487 1.6673326
9.3000000 -0.9009092 1.5822410
9.4000000 -1.0007514 1.4871504
9.5000000 -1.0997351 1.3820927
9.6000000 -1.1966338 1.2672080
9.7000000 -1.2899352 1.1427732
9.8000000 -1.3778665 1.0092308
9.9000000 -1.4584505 0.8672120
10.0000000 -1.5295975 0.7175543
10.1000000 -1.5892284 0.5613068
10.2000000 -1.6354237 0.3997225
10.3000000 -1.6665814 0.2342344
10.4000000 -1.6815625 0.0664157
10.5000000 -1.6798026 -0.1020724
10.6000000 -1.6613688 -0.2695432
10.7000000 -1.6269529 -0.4343486
10.8000000 -1.5778019 -0.5949398
10.9000000 -1.5155976 -0.7499177
11.0000000 -1.4423065 -0.8980695
11.1000000 -1.3600219 -1.0383895
11.2000000 -1.2708197 -1.1700838
11.3000000 -1.1766407 -1.2925618
11.4000000 -1.0792068 -1.4054182
11.5000000 -0.9799715 -1.5084071
11.6000000 -0.8801005 -1.6014140
11.7000000 -0.7804754 -1.6844264
11.8000000 -0.6817135 -1.7575062
11.9000000 -0.5841978 -1.8207644
12.0000000 -0.4881106 -1.8743396
12.1000000 -0.3934683 -1.9183792
12.2000000 -0.3001547 -1.9530251
12.3000000 -0.2079518 -1.9784014
12.4000000 -0.1165666 -1.9946062
12.5000000 -0.0256564 -2.0017052
12.6000000 0.0651485 -1.9997279
12.7000000 0.1562240 -1.9886660
12.8000000 0.2479310 -1.9684738
12.9000000 0.3405932 -1.9390709
13.0000000 0.4344741 -1.9003468
13.1000000 0.5297510 -1.8521685
13.2000000 0.6264863 -1.7943900
13.3000000 0.7245955 -1.7268659
13.4000000 0.8238131 -1.6494671
13.5000000 0.9236581 -1.5621012
13.6000000 1.0234011 -1.4647356
13.7000000 1.1220383 -1.3574236
13.8000000 1.2182777 -1.2403332
13.9000000 1.3105447 -1.1137759
14.0000000 1.3970138 -0.9782346
14.1000000 1.4756726 -0.8343857
14.2000000 1.5444208 -0.6831140
14.3000000 1.6012007 -0.5255158
14.4000000 1.6441497 -0.3628875
14.5000000 1.6717570 -0.1966976
14.6000000 1.6830045 -0.0285448
14.7000000 1.6774665 0.1398984
14.8000000 1.6553536 0.3069478
14.9000000 1.6174911 0.4709724
15.0000000 1.5652364 0.6304528
