0.0000000 -0.0909297 2.0000000
0.1000000 -0.1818595 1.9909070
0.2000000 -0.2731639 1.9727211
0.3000000 -0.3651948 1.9454047
0.4000000 -0.4582599 1.9088852
0.5000000 -0.5525990 1.8630592
0.6000000 -0.6483584 1.8077993
0.7000000 -0.7455630 1.7429635
0.8000000 -0.8440846 1.6684072
0.9000000 -0.9436086 1.5839987
1.0000000 -1.0435999 1.4896379
1.1000000 -1.1432707 1.3852779
1.2000000 -1.2415548 1.2709508
1.3000000 -1.3370930 1.1467953
1.4000000 -1.4282380 1.0130860
1.5000000 -1.5130849 0.8702622
1.6000000 -1.5895347 0.7189537
1.7000000 -1.6553945 0.5600003
1.8000000 -1.7085131 0.3944608
1.9000000 -1.7469442 0.2236095
2.0000000 -1.7691193 0.0489151
2.1000000 -1.7740088 -0.1279968
2.2000000 -1.7612440 -0.3053977
2.3000000 -1.7311768 -0.4815221
2.4000000 -1.6848639 -0.6546398
2.5000000 -1.6239766 -0.8231262
2.6000000 -1.5506491 -0.9855239
2.7000000 -1.4672929 -1.1405888
2.8000000 -1.3764050 -1.2873181
2.9000000 -1.2803961 -1.4249586
3.0000000 -1.1814577 -1.5529982
3.1000000 -1.0814735 -1.6711439
3.2000000 -0.9819766 -1.7792913
3.3000000 -0.8841422 -1.8774889
3.4000000 -0.7888085 -1.9659032
3.5000000 -0.6965130 -2.0447840
3.6000000 -0.6075374 -2.1144353
3.7000000 -0.5219542 -2.1751891
3.8000000 -0.4396695 -2.2273845
3.9000000 -0.3604615 -2.2713514
4.0000000 -0.2840131 -2.3073976
4.1000000 -0.2099375 -2.3357989
4.2000000 -0.1377994 -2.3567926
4.3000000 -0.0671311 -2.3705726
4.4000000 0.0025556 -2.3772857
4.5000000 0.0717593 -2.3770301
4.6000000 0.1409815 -2.3698542
4.7000000 0.2107197 -2.3557561
4.8000000 0.2814614 -2.3346841
4.9000000 0.3536766 -2.3065380
5.0000000 0.4278099 -2.2711703
5.1000000 0.5042700 -2.2283893
5.2000000 0.5834166 -2.1779623
5.3000000 0.6655434 -2.1196206
5.4000000 0.7508573 -2.0530663
5.5000000 0.8394517 -1.9779806
5.6000000 0.9312757 -1.8940354
5.7000000 1.0260968 -1.8009078
5.8000000 1.1234609 -1.6982982
5.9000000 1.2226492 -1.5859521
6.0000000 1.3226377 -1.4636871
6.1000000 1.4220646 -1.3314234
6.2000000 1.5192133 -1.1892169
6.3000000 1.6120211 -1.0372956
6.4000000 1.6981243 -0.8760935
6.5000000 1.7749487 -0.7062810
6.6000000 1.8398496 -0.5287862
6.7000000 1.8902981 -0.3448012
6.8000000 1.9240991 -0.1557714
6.9000000 1.9396133 0.0366385
7.0000000 1.9359503 0.2305998
7.1000000 1.9130941 0.4241949
7.2000000 1.8719354 0.6155043
7.3000000 1.8141984 0.8026978
7.4000000 1.7422751 0.9841177
7.5000000 1.6589967 1.1583452
7.6000000 1.5673826 1.3242448
7.7000000 1.4704066 1.4809831
7.8000000 1.3708096 1.6280238
7.9000000 1.2709734 1.7651047
8.0000000 1.1728552 1.8922021
8.1000000 1.0779760 2.0094876
8.2000000 0.9874451 2.1172852
8.3000000 0.9020097 2.2160297
8.4000000 0.8221138 2.3062307
8.5000000 0.7479598 2.3884420
8.6000000 0.6795657 2.4632380
8.7000000 0.6168145 2.5311946
8.8000000 0.5594951 2.5928760
8.9000000 0.5073358 2.6488255
9.0000000 0.4600293 2.6995591
9.1000000 0.4172514 2.7455621
9.2000000 0.3786755 2.7872872
9.3000000 0.3439816 2.8251548
9.4000000 0.3128633 2.8595529
9.5000000 0.2850317 2.8908392
9.6000000 0.2602183 2.9193424
9.7000000 0.2381758 2.9453642
9.8000000 0.2186787 2.9691818
9.9000000 0.2015229 2.9910497
10.0000000 0.1865254 3.0112020
10.1000000 0.1735232 3.0298545
10.2000000 0.1623727 3.0472069
10.3000000 0.1529481 3.0634441
10.4000000 0.1451412 3.0787389
10.5000000 0.1388600 3.0932530
10.6000000 0.1340279 3.1071390
10.7000000 0.1305832 3.1205418
10.8000000 0.1284783 3.1336002
10.9000000 0.1276790 3.1464480
11.0000000 0.1281646 3.1592159
11.1000000 0.1299268 3.1720323
11.2000000 0.1329703 3.1850250
11.3000000 0.1373122 3.1983221
11.4000000 0.1429821 3.2120533
11.5000000 0.1500223 3.2263515
11.6000000 0.1584880 3.2413537
11.7000000 0.1684476 3.2572025
11.8000000 0.1799829 3.2740473
11.9000000 0.1931896 3.2920456
12.0000000 0.2081782 3.3113645
12.1000000 0.2250740 3.3321823
12.2000000 0.2440178 3.3546897
12.3000000 0.2651666 3.3790915
12.4000000 0.2886938 3.4056082
12.5000000 0.3147897 3.4344776
12.6000000 0.3436612 3.4659565
12.7000000 0.3755318 3.5003226
12.8000000 0.4106404 3.5378758
12.9000000 0.4492396 3.5789399
13.0000000 0.4915934 3.6238638
13.1000000 0.5379726 3.6730232
13.2000000 0.5886493 3.7268204
13.3000000 0.6438883 3.7856854
13.4000000 0.7039356 3.8500742
13.5000000 0.7690037 3.9204678
13.6000000 0.8392517 3.9973681
13.7000000 0.9147596 4.0812933
13.8000000 0.9954978 4.1727693
13.9000000 1.0812882 4.2723190
14.0000000 1.1717604 4.3804478
14.1000000 1.2663015 4.4976239
14.2000000 1.3640042 4.6242540
14.3000000 1.4636160 4.7606545
14.4000000 1.5634996 4.9070161
14.5000000 1.6616116 5.0633660
14.6000000 1.7555153 5.2295272
14.7000000 1.8424391 5.4050787
14.8000000 1.9193922 5.5893226
14.9000000 1.9833433 5.7812618
15.0000000 2.0314546 5.9795962
