0.00
-0.19
-0.18
0.05
0.34
0.89
1.59
2.29
3.06
3.74
4.22
4.46
4.49
4.35
3.80
2.97
2.36
1.37
0.39
-0.76
-1.77
-2.49
-3.07
-3.20
-3.57
-3.96
-4.19
-4.26
-4.22
-3.75
-2.81
-1.85
-0.86
0.28
1.48
2.77
3.88
4.71
5.29
5.75
6.02
5.82
5.20
4.47
3.58
2.58
1.18
-0.19
-1.54
-2.81
-4.12
-5.29
-6.01
-6.56
-6.61
-6.29
-5.76
-5.21
-4.85
-4.31
-3.75
-2.84
-1.81
-0.57
0.37
1.26
2.14
2.64
3.03
3.18
3.58
3.81
4.00
4.09
3.87
3.10
2.18
1.38
0.48
0.08
0.07
0.14
0.31
0.31
0.49
0.65
0.42
0.34
0.19
-0.04
-0.18
-0.40
-0.60
-0.58
-0.61
-0.18
0.30
0.77
1.16
1.49
1.80
2.08
2.03
1.97
1.76
1.23
0.74
0.62
0.31
-0.41
-0.79
-1.18
-1.56
-1.92
-2.04
-2.16
-2.18
-1.89
-1.59
-1.55
-1.50
-1.48
-1.28
-1.01
-0.90
-0.68
-0.26
-0.03
0.04
0.15
0.28
0.65
0.99
1.54
1.82
2.22
2.44
2.43
2.54
2.64
2.35
2.06
1.59
0.88
0.18
-0.40
-0.76
-0.77
-0.86
-1.08
-1.37
-1.74
-1.92
-2.34
-2.36
-2.50
-2.61
-2.66
-2.74
-2.89
-2.83
-2.73
-2.49
-2.42
-2.40
-2.02
-1.51
-0.72
-0.05
0.46
1.05
1.45
2.02
2.61
2.97
2.97
3.05
2.93
2.70
2.37
1.86
0.99
-0.05
-1.30
-2.27
-3.06
-3.76
-4.09
-4.33
-4.46
-4.50
-4.20
-3.49
-2.85
-2.37
-1.95
-1.44
-0.90
-0.53
-0.09
0.35
1.30
1.99
2.61
3.13
3.47
3.87
4.12
4.10
4.27
4.55
4.79
4.71
4.42
3.97
3.38
2.98
2.19
1.25
0.31
-0.89
-2.09
-3.35
-4.42
-5.33
-5.68
-5.67
-5.61
-5.53
-5.43
-5.14
-4.51
-3.62
-2.80
-1.72
-0.69
0.44
1.78
3.19
4.67
5.69
6.77
7.44
7.88
8.09
8.04
7.82
7.15
6.30
5.22
3.71
2.15
0.45
-1.25
-2.61
-3.84
-4.70
-5.22
-5.46
-5.40
-4.82
-4.01
-3.08
-1.89
-0.71
0.83
2.51
4.02
5.37
6.29
6.94
7.04
7.07
6.64
5.73
4.48
2.86
0.98
-0.49
-1.68
-2.89
-3.86
-4.58
-4.98
-5.12
-5.20
-4.86
-4.68
-4.46
-4.47
-4.66
-4.96
-5.01
-4.77
-4.47
-4.36
-4.04
-3.73
-3.38
-3.05
-2.78
-2.34
-1.59
-0.83
-0.17
0.56
0.93
1.13
1.01
0.99
0.87
0.78
0.57
0.08
-0.26
-0.63
-0.85
-0.76
-0.53
-0.44
-0.17
0.33
0.72
1.41
2.08
3.01
3.95
4.81
5.58
6.27
6.39
6.36
5.92
5.31
4.35
3.20
2.15
1.03
-0.23
-1.27
-2.49
-3.64
-4.90
-6.06
-7.05
-7.46
-7.60
-7.45
-7.18
-6.39
-5.18
-3.70
-2.49
-0.89
0.65
2.21
3.46
4.65
5.20
5.65
5.88
5.92
5.69
5.34
4.52
3.44
2.43
1.51
0.36
-0.91
-2.23
-3.60
-4.82
-5.56
-6.01
-6.16
-6.06
-5.57
-4.95
-4.09
-3.32
-2.27
-1.08
0.14
1.02
1.96
2.76
3.56
4.37
4.90
5.24
5.10
4.98
4.85
4.39
3.84
2.88
1.89
0.55
-1.25
-3.03
-4.45
-5.54
-6.43
-7.10
-7.25
-7.22
-6.74
-5.99
-5.39
-4.44
-3.20
-1.78
-0.46
0.77
1.92
3.05
3.85
3.96
3.85
3.31
2.57
2.23
1.80
1.51
1.55
1.44
1.24
0.84
0.34
0.17
-0.33
-0.74
-0.53
-0.10
-0.04
-0.16
-0.60
-0.82
-0.79
-0.86
-0.94
-1.03
-1.11
-0.87
-0.71
-0.52
-0.24
0.35
0.82
1.27
1.55
1.95
2.43
2.79
3.13
3.44
3.55
3.33
2.84
2.11
1.32
0.59
-0.49
-1.37
-2.20
-2.90
-3.82
-4.53
-4.94
-5.20
-5.36
-5.14
-4.45
-3.78
-2.95
-2.01
-1.00
0.07
1.08
1.97
2.82
3.73
4.31
4.94
5.56
5.99
5.85
5.49
4.76
3.73
2.37
0.92
-0.50
-2.05
-3.94
-5.24
-6.40
-6.68
-6.84
-6.62
-5.78
-5.07
-3.96
-2.56
-1.13
-0.00
0.89
1.73
2.48
3.06
3.53
3.59
3.53
3.09
2.32
1.41
0.39
-0.25
-0.99
-1.57
-1.99
-2.58
-2.96
-3.10
-3.28
-3.31
-3.49
-3.68
-3.53
-2.93
-2.28
-1.45
-0.49
0.52
1.44
2.23
2.89
3.28
3.30
3.38
3.24
3.35
3.32
2.99
2.54
1.88
0.93
0.15
-0.86
-1.83
-2.72
-2.92
-2.70
-2.61
-2.31
-2.02
-1.93
-1.78
-1.22
-0.49
0.11
0.74
1.35
2.21
3.27
4.10
4.83
5.20
5.38
5.70
5.59
5.52
5.23
5.00
4.71
3.86
2.62
1.35
0.25
-1.11
-2.27
-3.43
-4.36
-5.37
-6.13
-6.78
-6.99
-7.06
-7.00
-6.79
-6.15
-5.00
-3.57
-2.33
-1.20
-0.44
0.48
1.26
2.55
3.95
5.28
6.65
7.67
8.21
8.13
7.80
7.23
6.30
5.07
3.64
1.78
-0.27
-1.94
-3.66
-5.36
-6.86
-8.43
-9.29
-9.48
-9.48
-9.10
-8.61
-7.76
-6.34
-4.90
-3.33
-1.08
1.00
2.91
4.81
6.51
8.19
9.24
9.43
9.07
8.47
7.40
5.94
4.19
2.52
1.02
-0.50
-1.47
-2.15
-2.76
-3.78
-4.75
-5.73
-6.54
-7.26
-7.63
-8.09
-8.41
-8.34
-7.89
-7.32
-6.53
-5.62
-4.80
-3.68
-2.61
-1.32
0.02
1.10
1.80
2.34
2.91
3.30
3.55
3.85
4.00
3.83
3.76
3.45
3.11
2.62
1.86
0.82
-0.50
-1.78
-2.44
-2.94
-3.26
-3.81
-4.19
-4.43
-4.45
-4.13
-3.64
-3.23
-2.70
-2.21
-1.46
-0.72
0.24
0.95
1.51
2.08
2.57
3.18
3.69
3.93
4.16
4.08
3.76
3.27
2.59
1.52
0.52
-0.08
-1.04
-1.70
-2.40
-2.86
-3.01
-2.86
-2.48
-2.13
-1.79
-1.49
-1.10
-0.37
0.11
0.79
1.25
1.73
2.09
2.33
2.40
2.27
2.31
2.34
2.06
1.92
1.62
1.18
1.00
0.75
0.72
0.74
0.84
0.83
0.46
0.40
0.40
0