№   ампл.т. ампл.э. фаза.т. фаза.э.
  0   0.000 0.000    0.824 0.000
  1   0.000 0.000    0.852 0.000
  2   0.000 0.000    0.878 0.000
  3   0.000 0.000    0.901 0.000
  4   0.000 0.000    0.922 0.000
  5   0.000 0.001    0.940 0.000
  6   0.000 0.001    0.956 0.000
  7   0.000 0.001    0.969 0.000
  8   0.000 0.001    0.980 0.000
  9   0.000 0.001    0.988 0.000
 10   0.000 0.001    0.994 0.000
 11   0.000 0.001    0.998 0.000
 12   0.000 0.001    1.000 0.000
 13   0.000 0.002    1.000 0.000
 14   0.000 0.002    0.997 0.000
 15   0.000 0.002    0.993 0.000
 16   0.000 0.002    0.987 0.000
 17   0.000 0.002    0.979 0.000
 18   0.000 0.002    0.969 0.000
 19   0.000 0.002    0.958 0.000
 20   0.000 0.002    0.945 0.000
 21   0.000 0.003    0.931 0.000
 22   0.000 0.003    0.916 0.000
 23   0.000 0.003    0.899 0.000
 24   0.000 0.003    0.881 0.000
 25   0.000 0.003    0.862 0.000
 26   0.000 0.003    0.842 0.000
 27   0.000 0.003    0.822 0.000
 28   0.000 0.003    0.800 0.000
 29   0.000 0.004    0.778 0.000
 30   0.000 0.004    0.755 0.000
 31   0.000 0.004    0.731 0.000
 32   0.000 0.004    0.707 0.000
 33   0.000 0.004    0.683 0.000
 34   0.000 0.004    0.658 0.000
 35   0.000 0.004    0.633 0.000
 36   0.000 0.004    0.607 0.000
 37   0.000 0.005    0.581 0.000
 38   0.000 0.005    0.556 0.000
 39   0.000 0.005    0.530 0.000
 40   0.000 0.005    0.504 0.000
 41   0.000 0.005    0.478 0.000
 42   0.000 0.005    0.452 0.000
 43   0.000 0.005    0.426 0.000
 44   0.000 0.006    0.401 0.000
 45   0.000 0.006    0.376 0.000
 46   0.000 0.006    0.350 0.000
 47   0.000 0.006    0.325 0.000
 48   0.000 0.006    0.301 0.000
 49   0.000 0.006    0.276 0.000
 50   0.000 0.007    0.252 0.000
 51   0.000 0.007    0.229 0.000
 52   0.000 0.007    0.206 0.000
 53   0.000 0.007    0.183 0.000
 54   0.000 0.007    0.160 0.000
 55   0.000 0.007    0.138 0.000
 56   0.000 0.008    0.117 0.000
 57   0.000 0.008    0.096 0.000
 58   0.000 0.008    0.075 0.000
 59   0.000 0.008    0.055 0.000
 60   0.000 0.008    0.036 0.000
 61   0.000 0.008    0.016 0.000
 62   0.000 0.009   -0.002 0.000
 63   0.000 0.009   -0.020 0.000
 64   0.000 0.009   -0.038 0.000
 65   0.000 0.009   -0.055 0.000
 66   0.000 0.009   -0.071 0.000
 67   0.000 0.010   -0.087 0.000
 68   0.000 0.010   -0.103 0.000
 69   0.000 0.010   -0.117 0.000
 70   0.000 0.010   -0.132 0.000
 71   0.000 0.010   -0.146 0.000
 72   0.000 0.011   -0.159 0.000
 73   0.000 0.011   -0.172 0.000
 74   0.000 0.011   -0.184 0.000
 75   0.000 0.011   -0.196 0.000
 76   0.000 0.012   -0.207 0.000
 77   0.000 0.012   -0.217 0.000
 78   0.000 0.012   -0.228 0.000
 79   0.000 0.012   -0.237 0.000
 80   0.000 0.013   -0.246 0.000
 81   0.000 0.013   -0.255 0.000
 82   0.000 0.013   -0.263 0.000
 83   0.000 0.013   -0.271 0.000
 84   0.000 0.014   -0.278 0.000
 85   0.000 0.014   -0.285 0.000
 86   0.000 0.014   -0.291 0.000
 87   0.000 0.014   -0.297 0.000
 88   0.000 0.015   -0.302 0.000
 89   0.000 0.015   -0.307 0.000
 90   0.000 0.015   -0.311 0.000
 91   0.000 0.016   -0.315 0.000
 92   0.000 0.016   -0.318 0.000
 93   0.000 0.016   -0.321 0.000
 94   0.000 0.017   -0.323 0.000
 95   0.000 0.017   -0.325 0.000
 96   0.000 0.017   -0.327 0.000
 97   0.000 0.018   -0.328 0.000
 98   0.000 0.018   -0.329 0.000
 99   0.000 0.019   -0.329 0.000
100   0.000 0.019   -0.328 0.000
101   0.000 0.019   -0.328 0.000
102   0.000 0.020   -0.327 0.000
103   0.000 0.020   -0.325 0.000
104   0.000 0.021   -0.323 0.000
105   0.000 0.021   -0.320 0.000
106   0.000 0.021   -0.317 0.000
107   0.000 0.022   -0.314 0.000
108   0.000 0.022   -0.310 0.000
109   0.000 0.023   -0.306 0.001
110   0.000 0.023   -0.301 0.001
111   0.000 0.024   -0.296 0.001
112   0.000 0.025   -0.290 0.001
113   0.000 0.025   -0.284 0.001
114   0.000 0.026   -0.278 0.002
115   0.000 0.026   -0.271 0.002
116   0.000 0.027   -0.263 0.002
117   0.000 0.028   -0.255 0.003
118   0.000 0.028   -0.247 0.003
119   0.000 0.029   -0.238 0.003
120   0.000 0.030   -0.229 0.004
121   0.001 0.031   -0.219 0.004
122   0.001 0.031   -0.209 0.005
123   0.001 0.032   -0.198 0.005
124   0.001 0.033   -0.187 0.006
125   0.001 0.034   -0.175 0.006
126   0.001 0.035   -0.163 0.007
127   0.002 0.036   -0.151 0.007
128   0.002 0.037   -0.138 0.008
129   0.002 0.038   -0.124 0.008
130   0.003 0.039   -0.110 0.008
131   0.003 0.040   -0.096 0.008
132   0.004 0.042   -0.081 0.007
133   0.004 0.043   -0.066 0.007
134   0.005 0.045   -0.050 0.006
135   0.006 0.046   -0.034 0.004
136   0.007 0.048   -0.017 0.002
137   0.008 0.049   -0.000 0.000
138   0.009 0.051    0.017 0.003
139   0.010 0.053    0.035 0.006
140   0.011 0.055    0.053 0.011
141   0.012 0.057    0.072 0.016
142   0.014 0.059    0.091 0.021
143   0.016 0.062    0.111 0.028
144   0.017 0.064    0.131 0.036
145   0.020 0.067    0.151 0.044
146   0.022 0.070    0.172 0.054
147   0.024 0.072    0.193 0.064
148   0.027 0.076    0.214 0.075
149   0.029 0.079    0.236 0.088
150   0.032 0.082    0.257 0.101
151   0.035 0.086    0.280 0.116
152   0.039 0.089    0.302 0.131
153   0.043 0.093    0.325 0.148
154   0.046 0.097    0.347 0.166
155   0.050 0.101    0.370 0.184
156   0.055 0.106    0.394 0.204
157   0.059 0.110    0.417 0.225
158   0.064 0.115    0.440 0.246
159   0.069 0.120    0.464 0.269
160   0.075 0.125    0.487 0.292
161   0.080 0.130    0.511 0.316
162   0.086 0.135    0.534 0.340
163   0.092 0.141    0.558 0.365
164   0.099 0.147    0.581 0.391
165   0.106 0.153    0.604 0.418
166   0.113 0.159    0.627 0.444
167   0.120 0.165    0.650 0.471
168   0.127 0.172    0.672 0.499
169   0.135 0.178    0.694 0.526
170   0.143 0.185    0.716 0.554
171   0.151 0.192    0.737 0.581
172   0.160 0.199    0.758 0.609
173   0.169 0.206    0.779 0.636
174   0.178 0.214    0.798 0.663
175   0.187 0.222    0.818 0.689
176   0.196 0.229    0.836 0.715
177   0.206 0.237    0.854 0.741
178   0.216 0.245    0.871 0.766
179   0.226 0.253    0.887 0.790
180   0.236 0.262    0.903 0.813
181   0.246 0.270    0.917 0.835
182   0.257 0.279    0.931 0.857
183   0.267 0.287    0.943 0.877
184   0.278 0.296    0.955 0.896
185   0.289 0.305    0.965 0.913
186   0.300 0.314    0.974 0.929
187   0.311 0.323    0.982 0.944
188   0.322 0.333    0.988 0.957
189   0.334 0.342    0.993 0.969
190   0.345 0.351    0.997 0.979
191   0.356 0.361    0.999 0.987
192   0.368 0.371    1.000 0.993
193   0.379 0.380    0.999 0.997
194   0.391 0.390    0.997 1.000
195   0.402 0.400    0.993 1.000
196   0.414 0.409    0.987 0.998
197   0.426 0.419    0.980 0.994
198   0.437 0.429    0.971 0.989
199   0.449 0.439    0.960 0.981
200   0.460 0.449    0.947 0.970
201   0.472 0.459    0.933 0.958
202   0.483 0.469    0.917 0.944
203   0.494 0.479    0.899 0.927
204   0.505 0.489    0.879 0.908
205   0.517 0.499    0.857 0.887
206   0.528 0.509    0.834 0.864
207   0.539 0.519    0.808 0.838
208   0.550 0.529    0.781 0.811
209   0.560 0.539    0.752 0.781
210   0.571 0.549    0.721 0.750
211   0.581 0.559    0.689 0.716
212   0.592 0.569    0.654 0.681
213   0.602 0.579    0.618 0.644
214   0.612 0.588    0.581 0.604
215   0.622 0.598    0.542 0.564
216   0.632 0.608    0.501 0.521
217   0.642 0.617    0.459 0.477
218   0.651 0.627    0.416 0.432
219   0.661 0.636    0.371 0.385
220   0.670 0.646    0.325 0.338
221   0.679 0.655    0.278 0.289
222   0.688 0.664    0.230 0.239
223   0.697 0.673    0.181 0.188
224   0.706 0.682    0.132 0.136
225   0.714 0.691    0.081 0.084
226   0.722 0.700    0.030 0.031
227   0.731 0.708   -0.021 0.022
228   0.738 0.717   -0.072 0.075
229   0.746 0.725   -0.124 0.128
230   0.754 0.733   -0.176 0.181
231   0.761 0.742   -0.227 0.233
232   0.769 0.750   -0.279 0.286
233   0.776 0.758   -0.329 0.337
234   0.783 0.765   -0.379 0.388
235   0.790 0.773   -0.429 0.438
236   0.796 0.780   -0.477 0.487
237   0.803 0.788   -0.524 0.534
238   0.809 0.795   -0.570 0.580
239   0.815 0.802   -0.614 0.624
240   0.821 0.809   -0.657 0.667
241   0.827 0.816   -0.698 0.708
242   0.833 0.822   -0.737 0.747
243   0.838 0.829   -0.774 0.783
244   0.844 0.835   -0.809 0.817
245   0.849 0.841   -0.841 0.849
246   0.854 0.847   -0.871 0.878
247   0.859 0.853   -0.897 0.904
248   0.864 0.859   -0.921 0.927
249   0.869 0.865   -0.943 0.947
250   0.873 0.870   -0.960 0.964
251   0.878 0.875   -0.975 0.978
252   0.882 0.880   -0.987 0.989
253   0.886 0.885   -0.995 0.996
254   0.890 0.890   -0.999 0.999
255   0.894 0.895   -1.000 1.000
256   0.898 0.899   -0.997 0.996
257   0.902 0.903   -0.991 0.989
258   0.905 0.908   -0.981 0.978
259   0.909 0.912   -0.967 0.964
260   0.912 0.916   -0.949 0.946
261   0.916 0.919   -0.928 0.924
262   0.919 0.923   -0.903 0.899
263   0.922 0.926   -0.875 0.871
264   0.925 0.930   -0.843 0.838
265   0.928 0.933   -0.807 0.803
266   0.930 0.936   -0.768 0.764
267   0.933 0.939   -0.726 0.722
268   0.936 0.942   -0.681 0.677
269   0.938 0.944   -0.632 0.628
270   0.941 0.947   -0.581 0.578
271   0.943 0.949   -0.528 0.524
272   0.945 0.952   -0.471 0.468
273   0.947 0.954   -0.413 0.410
274   0.950 0.956   -0.353 0.350
275   0.952 0.958   -0.290 0.288
276   0.954 0.960   -0.227 0.225
277   0.955 0.962   -0.162 0.160
278   0.957 0.963   -0.096 0.095
279   0.959 0.965   -0.029 0.029
280   0.961 0.967    0.038 0.038
281   0.962 0.968    0.105 0.105
282   0.964 0.969    0.172 0.171
283   0.965 0.971    0.239 0.237
284   0.967 0.972    0.304 0.303
285   0.968 0.973    0.369 0.367
286   0.970 0.974    0.432 0.430
287   0.971 0.975    0.493 0.491
288   0.972 0.976    0.552 0.549
289   0.973 0.977    0.608 0.606
290   0.975 0.978    0.662 0.660
291   0.976 0.979    0.713 0.711
292   0.977 0.979    0.760 0.758
293   0.978 0.980    0.804 0.802
294   0.979 0.981    0.844 0.842
295   0.980 0.981    0.880 0.878
296   0.981 0.982    0.912 0.910
297   0.981 0.983    0.939 0.937
298   0.982 0.983    0.961 0.960
299   0.983 0.984    0.978 0.978
300   0.984 0.984    0.991 0.990
301   0.985 0.985    0.998 0.998
302   0.985 0.985    1.000 1.000
303   0.986 0.986    0.997 0.997
304   0.987 0.986    0.988 0.989
305   0.987 0.987    0.974 0.975
306   0.988 0.987    0.955 0.956
307   0.988 0.987    0.930 0.931
308   0.989 0.988    0.901 0.902
309   0.990 0.988    0.866 0.867
310   0.990 0.989    0.826 0.827
311   0.990 0.989    0.782 0.783
312   0.991 0.989    0.733 0.734
313   0.991 0.990    0.679 0.681
314   0.992 0.990    0.622 0.623
315   0.992 0.990    0.561 0.562
316   0.993 0.991    0.497 0.498
317   0.993 0.991    0.429 0.430
318   0.993 0.991    0.359 0.360
319   0.994 0.992    0.286 0.287
320   0.994 0.992    0.212 0.212
321   0.994 0.993    0.136 0.136
322   0.995 0.993    0.059 0.059
323   0.995 0.993   -0.018 0.018
324   0.995 0.994   -0.096 0.096
325   0.995 0.994   -0.173 0.173
326   0.996 0.994   -0.249 0.250
327   0.996 0.994   -0.325 0.325
328   0.996 0.995   -0.398 0.398
329   0.996 0.995   -0.469 0.469
330   0.996 0.995   -0.537 0.538
331   0.997 0.996   -0.602 0.603
332   0.997 0.996   -0.664 0.664
333   0.997 0.996   -0.721 0.722
334   0.997 0.996   -0.774 0.775
335   0.997 0.997   -0.822 0.823
336   0.997 0.997   -0.865 0.866
337   0.998 0.997   -0.903 0.903
338   0.998 0.997   -0.934 0.935
339   0.998 0.998   -0.960 0.960
340   0.998 0.998   -0.980 0.980
341   0.998 0.998   -0.993 0.993
342   0.998 0.998   -0.999 0.999
343   0.998 0.998   -0.999 0.999
344   0.998 0.999   -0.992 0.992
345   0.999 0.999   -0.979 0.979
346   0.999 0.999   -0.959 0.959
347   0.999 0.999   -0.932 0.932
348   0.999 0.999   -0.899 0.899
349   0.999 0.999   -0.860 0.860
350   0.999 0.999   -0.815 0.814
351   0.999 0.999   -0.764 0.763
352   0.999 0.999   -0.707 0.707
353   0.999 0.999   -0.646 0.645
354   0.999 1.000   -0.580 0.579
355   0.999 1.000   -0.509 0.509
356   0.999 1.000   -0.435 0.435
357   0.999 1.000   -0.358 0.358
358   0.999 1.000   -0.278 0.278
359   0.999 1.000   -0.196 0.195
360   0.999 1.000   -0.112 0.112
361   0.999 1.000   -0.027 0.027
362   0.999 1.000    0.058 0.058
363   1.000 1.000    0.143 0.143
364   1.000 1.000    0.227 0.227
365   1.000 1.000    0.309 0.309
366   1.000 1.000    0.390 0.390
367   1.000 1.000    0.467 0.467
368   1.000 1.000    0.542 0.542
369   1.000 1.000    0.612 0.612
370   1.000 1.000    0.678 0.678
371   1.000 1.000    0.739 0.739
372   1.000 1.000    0.795 0.795
373   1.000 1.000    0.845 0.845
374   1.000 1.000    0.888 0.888
375   1.000 1.000    0.925 0.925
376   1.000 1.000    0.954 0.954
377   1.000 1.000    0.977 0.977
378   1.000 1.000    0.992 0.992
379   1.000 1.000    0.999 0.999
380   1.000 1.000    0.999 0.999
381   1.000 1.000    0.991 0.991
382   1.000 1.000    0.975 0.975
383   1.000 1.000    0.951 0.951
384   1.000 1.000    0.920 0.920
385   1.000 1.000    0.882 0.882
386   1.000 1.000    0.837 0.836
387   1.000 1.000    0.784 0.784
388   1.000 1.000    0.726 0.726
389   1.000 1.000    0.662 0.662
390   1.000 1.000    0.592 0.592
391   1.000 1.000    0.517 0.517
392   1.000 1.000    0.439 0.439
393   1.000 1.000    0.356 0.356
394   1.000 1.000    0.271 0.271
395   1.000 1.000    0.183 0.183
396   1.000 1.000    0.093 0.093
397   1.000 1.000    0.003 0.003
398   1.000 1.000   -0.088 0.088
399   1.000 1.000   -0.178 0.178
400   1.000 1.000   -0.266 0.266
401   1.000 1.000   -0.353 0.353
402   1.000 1.000   -0.436 0.436
403   1.000 1.000   -0.517 0.517
404   1.000 1.000   -0.593 0.592
405   1.000 1.000   -0.664 0.664
406   1.000 1.000   -0.729 0.729
407   1.000 1.000   -0.789 0.789
408   1.000 1.000   -0.842 0.842
409   1.000 1.000   -0.888 0.888
410   1.000 1.000   -0.927 0.927
411   1.000 1.000   -0.957 0.957
412   1.000 1.000   -0.980 0.980
413   1.000 1.000   -0.994 0.994
414   1.000 1.000   -1.000 1.000
415   1.000 1.000   -0.997 0.997
416   1.000 1.000   -0.986 0.986
417   1.000 1.000   -0.966 0.966
418   1.000 1.000   -0.937 0.938
419   1.000 1.000   -0.901 0.901
420   1.000 1.000   -0.857 0.857
421   1.000 1.000   -0.805 0.805
422   1.000 1.000   -0.746 0.746
423   1.000 1.000   -0.680 0.681
424   1.000 1.000   -0.609 0.609
425   1.000 1.000   -0.532 0.532
426   1.000 1.000   -0.450 0.450
427   1.000 1.000   -0.365 0.365
428   1.000 1.000   -0.275 0.276
429   1.000 1.000   -0.184 0.184
430   1.000 1.000   -0.091 0.091
431   1.000 1.000    0.004 0.004
432   1.000 1.000    0.098 0.098
433   1.000 1.000    0.192 0.192
434   1.000 1.000    0.283 0.283
435   1.000 1.000    0.373 0.373
436   1.000 1.000    0.459 0.459
437   1.000 1.000    0.541 0.541
438   1.000 1.000    0.618 0.619
439   1.000 1.000    0.690 0.690
440   1.000 1.000    0.756 0.756
441   1.000 1.000    0.815 0.815
442   1.000 1.000    0.866 0.866
443   1.000 1.000    0.910 0.910
444   1.000 1.000    0.945 0.945
445   1.000 1.000    0.972 0.972
446   1.000 1.000    0.990 0.990
447   1.000 1.000    0.999 0.999
448   1.000 1.000    0.999 0.999
449   1.000 1.000    0.989 0.989
450   1.000 1.000    0.971 0.971
451   1.000 1.000    0.943 0.943
452   1.000 1.000    0.907 0.907
453   1.000 1.000    0.863 0.863
454   1.000 1.000    0.810 0.810
455   1.000 1.000    0.750 0.750
456   1.000 1.000    0.683 0.683
457   1.000 1.000    0.609 0.609
458   1.000 1.000    0.530 0.530
459   1.000 1.000    0.446 0.446
460   1.000 1.000    0.358 0.358
461   1.000 1.000    0.266 0.266
462   1.000 1.000    0.172 0.171
463   1.000 1.000    0.076 0.076
464   1.000 1.000   -0.021 0.021
465   1.000 1.000   -0.118 0.118
466   1.000 1.000   -0.213 0.213
467   1.000 1.000   -0.307 0.307
468   1.000 1.000   -0.398 0.398
469   1.000 1.000   -0.485 0.485
470   1.000 1.000   -0.567 0.567
471   1.000 1.000   -0.645 0.644
472   1.000 1.000   -0.716 0.716
473   1.000 1.000   -0.780 0.780
474   1.000 1.000   -0.837 0.837
475   1.000 1.000   -0.886 0.886
476   1.000 1.000   -0.927 0.927
477   1.000 1.000   -0.959 0.959
478   1.000 1.000   -0.982 0.982
479   1.000 1.000   -0.996 0.996
480   1.000 1.000   -1.000 1.000
481   1.000 1.000   -0.995 0.995
482   1.000 1.000   -0.980 0.980
483   1.000 1.000   -0.956 0.956
484   1.000 1.000   -0.922 0.922
485   1.000 1.000   -0.880 0.880
486   1.000 1.000   -0.830 0.830
487   1.000 1.000   -0.771 0.771
488   1.000 1.000   -0.705 0.705
489   1.000 1.000   -0.633 0.633
490   1.000 1.000   -0.554 0.554
491   1.000 1.000   -0.470 0.470
492   1.000 1.000   -0.381 0.381
493   1.000 1.000   -0.289 0.289
494   1.000 1.000   -0.194 0.194
495   1.000 1.000   -0.097 0.097
496   1.000 1.000    0.001 0.001
497   1.000 1.000    0.099 0.099
498   1.000 1.000    0.196 0.196
499   1.000 1.000    0.291 0.291
500   1.000 1.000    0.383 0.383
501   1.000 1.000    0.472 0.472
502   1.000 1.000    0.556 0.556
503   1.000 1.000    0.635 0.635
504   1.000 1.000    0.707 0.707
505   1.000 1.000    0.773 0.773
506   1.000 1.000    0.831 0.832
507   1.000 1.000    0.882 0.882
508   1.000 1.000    0.924 0.924
509   1.000 1.000    0.957 0.957
510   1.000 1.000    0.981 0.981
511   1.000 1.000    0.995 0.995
512   1.000 1.000    1.000 1.000
513   1.000 1.000    0.995 0.995
514   1.000 1.000    0.981 0.981
515   1.000 1.000    0.957 0.957
516   1.000 1.000    0.924 0.924
517   1.000 1.000    0.882 0.882
518   1.000 1.000    0.831 0.832
519   1.000 1.000    0.773 0.773
520   1.000 1.000    0.707 0.707
521   1.000 1.000    0.635 0.635
522   1.000 1.000    0.556 0.556
523   1.000 1.000    0.472 0.472
524   1.000 1.000    0.383 0.383
525   1.000 1.000    0.291 0.291
526   1.000 1.000    0.196 0.196
527   1.000 1.000    0.099 0.099
528   1.000 1.000    0.001 0.001
529   1.000 1.000   -0.097 0.097
530   1.000 1.000   -0.194 0.194
531   1.000 1.000   -0.289 0.289
532   1.000 1.000   -0.381 0.381
533   1.000 1.000   -0.470 0.470
534   1.000 1.000   -0.554 0.554
535   1.000 1.000   -0.633 0.633
536   1.000 1.000   -0.705 0.705
537   1.000 1.000   -0.771 0.771
538   1.000 1.000   -0.830 0.830
539   1.000 1.000   -0.880 0.880
540   1.000 1.000   -0.922 0.922
541   1.000 1.000   -0.956 0.956
542   1.000 1.000   -0.980 0.980
543   1.000 1.000   -0.995 0.995
544   1.000 1.000   -1.000 1.000
545   1.000 1.000   -0.996 0.996
546   1.000 1.000   -0.982 0.982
547   1.000 1.000   -0.959 0.959
548   1.000 1.000   -0.927 0.927
549   1.000 1.000   -0.886 0.886
550   1.000 1.000   -0.837 0.837
551   1.000 1.000   -0.780 0.780
552   1.000 1.000   -0.716 0.716
553   1.000 1.000   -0.645 0.644
554   1.000 1.000   -0.567 0.567
555   1.000 1.000   -0.485 0.485
556   1.000 1.000   -0.398 0.398
557   1.000 1.000   -0.307 0.307
558   1.000 1.000   -0.213 0.213
559   1.000 1.000   -0.118 0.118
560   1.000 1.000   -0.021 0.021
561   1.000 1.000    0.076 0.076
562   1.000 1.000    0.172 0.171
563   1.000 1.000    0.266 0.266
564   1.000 1.000    0.358 0.358
565   1.000 1.000    0.446 0.446
566   1.000 1.000    0.530 0.530
567   1.000 1.000    0.609 0.609
568   1.000 1.000    0.683 0.683
569   1.000 1.000    0.750 0.750
570   1.000 1.000    0.810 0.810
571   1.000 1.000    0.863 0.863
572   1.000 1.000    0.907 0.907
573   1.000 1.000    0.943 0.943
574   1.000 1.000    0.971 0.971
575   1.000 1.000    0.989 0.989
576   1.000 1.000    0.999 0.999
577   1.000 1.000    0.999 0.999
578   1.000 1.000    0.990 0.990
579   1.000 1.000    0.972 0.972
580   1.000 1.000    0.945 0.945
581   1.000 1.000    0.910 0.910
582   1.000 1.000    0.866 0.866
583   1.000 1.000    0.815 0.815
584   1.000 1.000    0.756 0.756
585   1.000 1.000    0.690 0.690
586   1.000 1.000    0.618 0.619
587   1.000 1.000    0.541 0.541
588   1.000 1.000    0.459 0.459
589   1.000 1.000    0.373 0.373
590   1.000 1.000    0.283 0.283
591   1.000 1.000    0.192 0.192
592   1.000 1.000    0.098 0.098
593   1.000 1.000    0.004 0.004
594   1.000 1.000   -0.091 0.091
595   1.000 1.000   -0.184 0.184
596   1.000 1.000   -0.275 0.276
597   1.000 1.000   -0.365 0.365
598   1.000 1.000   -0.450 0.450
599   1.000 1.000   -0.532 0.532
600   1.000 1.000   -0.609 0.609
601   1.000 1.000   -0.680 0.681
602   1.000 1.000   -0.746 0.746
603   1.000 1.000   -0.805 0.805
604   1.000 1.000   -0.857 0.857
605   1.000 1.000   -0.901 0.901
606   1.000 1.000   -0.937 0.938
607   1.000 1.000   -0.966 0.966
608   1.000 1.000   -0.986 0.986
609   1.000 1.000   -0.997 0.997
610   1.000 1.000   -1.000 1.000
611   1.000 1.000   -0.994 0.994
612   1.000 1.000   -0.980 0.980
613   1.000 1.000   -0.957 0.957
614   1.000 1.000   -0.927 0.927
615   1.000 1.000   -0.888 0.888
616   1.000 1.000   -0.842 0.842
617   1.000 1.000   -0.789 0.789
618   1.000 1.000   -0.729 0.729
619   1.000 1.000   -0.664 0.664
620   1.000 1.000   -0.593 0.592
621   1.000 1.000   -0.517 0.517
622   1.000 1.000   -0.436 0.436
623   1.000 1.000   -0.353 0.353
624   1.000 1.000   -0.266 0.266
625   1.000 1.000   -0.178 0.178
626   1.000 1.000   -0.088 0.088
627   1.000 1.000    0.003 0.003
628   1.000 1.000    0.093 0.093
629   1.000 1.000    0.183 0.183
630   1.000 1.000    0.271 0.271
631   1.000 1.000    0.356 0.356
632   1.000 1.000    0.439 0.439
633   1.000 1.000    0.517 0.517
634   1.000 1.000    0.592 0.592
635   1.000 1.000    0.662 0.662
636   1.000 1.000    0.726 0.726
637   1.000 1.000    0.784 0.784
638   1.000 1.000    0.837 0.836
639   1.000 1.000    0.882 0.882
640   1.000 1.000    0.920 0.920
641   1.000 1.000    0.951 0.951
642   1.000 1.000    0.975 0.975
643   1.000 1.000    0.991 0.991
644   1.000 1.000    0.999 0.999
645   1.000 1.000    0.999 0.999
646   1.000 1.000    0.992 0.992
647   1.000 1.000    0.977 0.977
648   1.000 1.000    0.954 0.954
649   1.000 1.000    0.925 0.925
650   1.000 1.000    0.888 0.888
651   1.000 1.000    0.845 0.845
652   1.000 1.000    0.795 0.795
653   1.000 1.000    0.739 0.739
654   1.000 1.000    0.678 0.678
655   1.000 1.000    0.612 0.612
656   1.000 1.000    0.542 0.542
657   1.000 1.000    0.467 0.467
658   1.000 1.000    0.390 0.390
659   1.000 1.000    0.309 0.309
660   1.000 1.000    0.227 0.227
661   1.000 1.000    0.143 0.143
662   0.999 1.000    0.058 0.058
663   0.999 1.000   -0.027 0.027
664   0.999 1.000   -0.112 0.112
665   0.999 1.000   -0.196 0.195
666   0.999 1.000   -0.278 0.278
667   0.999 1.000   -0.358 0.358
668   0.999 1.000   -0.435 0.435
669   0.999 1.000   -0.509 0.509
670   0.999 1.000   -0.580 0.579
671   0.999 0.999   -0.646 0.645
672   0.999 0.999   -0.707 0.707
673   0.999 0.999   -0.764 0.763
674   0.999 0.999   -0.815 0.814
675   0.999 0.999   -0.860 0.860
676   0.999 0.999   -0.899 0.899
677   0.999 0.999   -0.932 0.932
678   0.999 0.999   -0.959 0.959
679   0.999 0.999   -0.979 0.979
680   0.998 0.999   -0.992 0.992
681   0.998 0.998   -0.999 0.999
682   0.998 0.998   -0.999 0.999
683   0.998 0.998   -0.993 0.993
684   0.998 0.998   -0.980 0.980
685   0.998 0.998   -0.960 0.960
686   0.998 0.997   -0.934 0.935
687   0.998 0.997   -0.903 0.903
688   0.997 0.997   -0.865 0.866
689   0.997 0.997   -0.822 0.823
690   0.997 0.996   -0.774 0.775
691   0.997 0.996   -0.721 0.722
692   0.997 0.996   -0.664 0.664
693   0.997 0.996   -0.602 0.603
694   0.996 0.995   -0.537 0.538
695   0.996 0.995   -0.469 0.469
696   0.996 0.995   -0.398 0.398
697   0.996 0.994   -0.325 0.325
698   0.996 0.994   -0.249 0.250
699   0.995 0.994   -0.173 0.173
700   0.995 0.994   -0.096 0.096
701   0.995 0.993   -0.018 0.018
702   0.995 0.993    0.059 0.059
703   0.994 0.993    0.136 0.136
704   0.994 0.992    0.212 0.212
705   0.994 0.992    0.286 0.287
706   0.993 0.991    0.359 0.360
707   0.993 0.991    0.429 0.430
708   0.993 0.991    0.497 0.498
709   0.992 0.990    0.561 0.562
710   0.992 0.990    0.622 0.623
711   0.991 0.990    0.679 0.681
712   0.991 0.989    0.733 0.734
713   0.990 0.989    0.782 0.783
714   0.990 0.989    0.826 0.827
715   0.990 0.988    0.866 0.867
716   0.989 0.988    0.901 0.902
717   0.988 0.987    0.930 0.931
718   0.988 0.987    0.955 0.956
719   0.987 0.987    0.974 0.975
720   0.987 0.986    0.988 0.989
721   0.986 0.986    0.997 0.997
722   0.985 0.985    1.000 1.000
723   0.985 0.985    0.998 0.998
724   0.984 0.984    0.991 0.990
725   0.983 0.984    0.978 0.978
726   0.982 0.983    0.961 0.960
727   0.981 0.983    0.939 0.937
728   0.981 0.982    0.912 0.910
729   0.980 0.981    0.880 0.878
730   0.979 0.981    0.844 0.842
731   0.978 0.980    0.804 0.802
732   0.977 0.979    0.760 0.758
733   0.976 0.979    0.713 0.711
734   0.975 0.978    0.662 0.660
735   0.973 0.977    0.608 0.606
736   0.972 0.976    0.552 0.549
737   0.971 0.975    0.493 0.491
738   0.970 0.974    0.432 0.430
739   0.968 0.973    0.369 0.367
740   0.967 0.972    0.304 0.303
741   0.965 0.971    0.239 0.237
742   0.964 0.969    0.172 0.171
743   0.962 0.968    0.105 0.105
744   0.961 0.967    0.038 0.038
745   0.959 0.965   -0.029 0.029
746   0.957 0.963   -0.096 0.095
747   0.955 0.962   -0.162 0.160
748   0.954 0.960   -0.227 0.225
749   0.952 0.958   -0.290 0.288
750   0.950 0.956   -0.353 0.350
751   0.947 0.954   -0.413 0.410
752   0.945 0.952   -0.471 0.468
753   0.943 0.949   -0.528 0.524
754   0.941 0.947   -0.581 0.578
755   0.938 0.944   -0.632 0.628
756   0.936 0.942   -0.681 0.677
757   0.933 0.939   -0.726 0.722
758   0.930 0.936   -0.768 0.764
759   0.928 0.933   -0.807 0.803
760   0.925 0.930   -0.843 0.838
761   0.922 0.926   -0.875 0.871
762   0.919 0.923   -0.903 0.899
763   0.916 0.919   -0.928 0.924
764   0.912 0.916   -0.949 0.946
765   0.909 0.912   -0.967 0.964
766   0.905 0.908   -0.981 0.978
767   0.902 0.903   -0.991 0.989
768   0.898 0.899   -0.997 0.996
769   0.894 0.895   -1.000 1.000
770   0.890 0.890   -0.999 0.999
771   0.886 0.885   -0.995 0.996
772   0.882 0.880   -0.987 0.989
773   0.878 0.875   -0.975 0.978
774   0.873 0.870   -0.960 0.964
775   0.869 0.865   -0.943 0.947
776   0.864 0.859   -0.921 0.927
777   0.859 0.853   -0.897 0.904
778   0.854 0.847   -0.871 0.878
779   0.849 0.841   -0.841 0.849
780   0.844 0.835   -0.809 0.817
781   0.838 0.829   -0.774 0.783
782   0.833 0.822   -0.737 0.747
783   0.827 0.816   -0.698 0.708
784   0.821 0.809   -0.657 0.667
785   0.815 0.802   -0.614 0.624
786   0.809 0.795   -0.570 0.580
787   0.803 0.788   -0.524 0.534
788   0.796 0.780   -0.477 0.487
789   0.790 0.773   -0.429 0.438
790   0.783 0.765   -0.379 0.388
791   0.776 0.758   -0.329 0.337
792   0.769 0.750   -0.279 0.286
793   0.761 0.742   -0.227 0.233
794   0.754 0.733   -0.176 0.181
795   0.746 0.725   -0.124 0.128
796   0.738 0.717   -0.072 0.075
797   0.731 0.708   -0.021 0.022
798   0.722 0.700    0.030 0.031
799   0.714 0.691    0.081 0.084
800   0.706 0.682    0.132 0.136
801   0.697 0.673    0.181 0.188
802   0.688 0.664    0.230 0.239
803   0.679 0.655    0.278 0.289
804   0.670 0.646    0.325 0.338
805   0.661 0.636    0.371 0.385
806   0.651 0.627    0.416 0.432
807   0.642 0.617    0.459 0.477
808   0.632 0.608    0.501 0.521
809   0.622 0.598    0.542 0.564
810   0.612 0.588    0.581 0.604
811   0.602 0.579    0.618 0.644
812   0.592 0.569    0.654 0.681
813   0.581 0.559    0.689 0.716
814   0.571 0.549    0.721 0.750
815   0.560 0.539    0.752 0.781
816   0.550 0.529    0.781 0.811
817   0.539 0.519    0.808 0.838
818   0.528 0.509    0.834 0.864
819   0.517 0.499    0.857 0.887
820   0.505 0.489    0.879 0.908
821   0.494 0.479    0.899 0.927
822   0.483 0.469    0.917 0.944
823   0.472 0.459    0.933 0.958
824   0.460 0.449    0.947 0.970
825   0.449 0.439    0.960 0.981
826   0.437 0.429    0.971 0.989
827   0.426 0.419    0.980 0.994
828   0.414 0.409    0.987 0.998
829   0.402 0.400    0.993 1.000
830   0.391 0.390    0.997 1.000
831   0.379 0.380    0.999 0.997
832   0.368 0.371    1.000 0.993
833   0.356 0.361    0.999 0.987
834   0.345 0.351    0.997 0.979
835   0.334 0.342    0.993 0.969
836   0.322 0.333    0.988 0.957
837   0.311 0.323    0.982 0.944
838   0.300 0.314    0.974 0.929
839   0.289 0.305    0.965 0.913
840   0.278 0.296    0.955 0.896
841   0.267 0.287    0.943 0.877
842   0.257 0.279    0.931 0.857
843   0.246 0.270    0.917 0.835
844   0.236 0.262    0.903 0.813
845   0.226 0.253    0.887 0.790
846   0.216 0.245    0.871 0.766
847   0.206 0.237    0.854 0.741
848   0.196 0.229    0.836 0.715
849   0.187 0.222    0.818 0.689
850   0.178 0.214    0.798 0.663
851   0.169 0.206    0.779 0.636
852   0.160 0.199    0.758 0.609
853   0.151 0.192    0.737 0.581
854   0.143 0.185    0.716 0.554
855   0.135 0.178    0.694 0.526
856   0.127 0.172    0.672 0.499
857   0.120 0.165    0.650 0.471
858   0.113 0.159    0.627 0.444
859   0.106 0.153    0.604 0.418
860   0.099 0.147    0.581 0.391
861   0.092 0.141    0.558 0.365
862   0.086 0.135    0.534 0.340
863   0.080 0.130    0.511 0.316
864   0.075 0.125    0.487 0.292
865   0.069 0.120    0.464 0.269
866   0.064 0.115    0.440 0.246
867   0.059 0.110    0.417 0.225
868   0.055 0.106    0.394 0.204
869   0.050 0.101    0.370 0.184
870   0.046 0.097    0.347 0.166
871   0.043 0.093    0.325 0.148
872   0.039 0.089    0.302 0.131
873   0.035 0.086    0.280 0.116
874   0.032 0.082    0.257 0.101
875   0.029 0.079    0.236 0.088
876   0.027 0.076    0.214 0.075
877   0.024 0.072    0.193 0.064
878   0.022 0.070    0.172 0.054
879   0.020 0.067    0.151 0.044
880   0.017 0.064    0.131 0.036
881   0.016 0.062    0.111 0.028
882   0.014 0.059    0.091 0.021
883   0.012 0.057    0.072 0.016
884   0.011 0.055    0.053 0.011
885   0.010 0.053    0.035 0.006
886   0.009 0.051    0.017 0.003
887   0.008 0.049   -0.000 0.000
888   0.007 0.048   -0.017 0.002
889   0.006 0.046   -0.034 0.004
890   0.005 0.045   -0.050 0.006
891   0.004 0.043   -0.066 0.007
892   0.004 0.042   -0.081 0.007
893   0.003 0.040   -0.096 0.008
894   0.003 0.039   -0.110 0.008
895   0.002 0.038   -0.124 0.008
896   0.002 0.037   -0.138 0.008
897   0.002 0.036   -0.151 0.007
898   0.001 0.035   -0.163 0.007
899   0.001 0.034   -0.175 0.006
900   0.001 0.033   -0.187 0.006
901   0.001 0.032   -0.198 0.005
902   0.001 0.031   -0.209 0.005
903   0.001 0.031   -0.219 0.004
904   0.000 0.030   -0.229 0.004
905   0.000 0.029   -0.238 0.003
906   0.000 0.028   -0.247 0.003
907   0.000 0.028   -0.255 0.003
908   0.000 0.027   -0.263 0.002
909   0.000 0.026   -0.271 0.002
910   0.000 0.026   -0.278 0.002
911   0.000 0.025   -0.284 0.001
912   0.000 0.025   -0.290 0.001
913   0.000 0.024   -0.296 0.001
914   0.000 0.023   -0.301 0.001
915   0.000 0.023   -0.306 0.001
916   0.000 0.022   -0.310 0.000
917   0.000 0.022   -0.314 0.000
918   0.000 0.021   -0.317 0.000
919   0.000 0.021   -0.320 0.000
920   0.000 0.021   -0.323 0.000
921   0.000 0.020   -0.325 0.000
922   0.000 0.020   -0.327 0.000
923   0.000 0.019   -0.328 0.000
924   0.000 0.019   -0.328 0.000
925   0.000 0.019   -0.329 0.000
926   0.000 0.018   -0.329 0.000
927   0.000 0.018   -0.328 0.000
928   0.000 0.017   -0.327 0.000
929   0.000 0.017   -0.325 0.000
930   0.000 0.017   -0.323 0.000
931   0.000 0.016   -0.321 0.000
932   0.000 0.016   -0.318 0.000
933   0.000 0.016   -0.315 0.000
934   0.000 0.015   -0.311 0.000
935   0.000 0.015   -0.307 0.000
936   0.000 0.015   -0.302 0.000
937   0.000 0.014   -0.297 0.000
938   0.000 0.014   -0.291 0.000
939   0.000 0.014   -0.285 0.000
940   0.000 0.014   -0.278 0.000
941   0.000 0.013   -0.271 0.000
942   0.000 0.013   -0.263 0.000
943   0.000 0.013   -0.255 0.000
944   0.000 0.013   -0.246 0.000
945   0.000 0.012   -0.237 0.000
946   0.000 0.012   -0.228 0.000
947   0.000 0.012   -0.217 0.000
948   0.000 0.012   -0.207 0.000
949   0.000 0.011   -0.196 0.000
950   0.000 0.011   -0.184 0.000
951   0.000 0.011   -0.172 0.000
952   0.000 0.011   -0.159 0.000
953   0.000 0.010   -0.146 0.000
954   0.000 0.010   -0.132 0.000
955   0.000 0.010   -0.117 0.000
956   0.000 0.010   -0.103 0.000
957   0.000 0.010   -0.087 0.000
958   0.000 0.009   -0.071 0.000
959   0.000 0.009   -0.055 0.000
960   0.000 0.009   -0.038 0.000
961   0.000 0.009   -0.020 0.000
962   0.000 0.009   -0.002 0.000
963   0.000 0.008    0.016 0.000
964   0.000 0.008    0.036 0.000
965   0.000 0.008    0.055 0.000
966   0.000 0.008    0.075 0.000
967   0.000 0.008    0.096 0.000
968   0.000 0.008    0.117 0.000
969   0.000 0.007    0.138 0.000
970   0.000 0.007    0.160 0.000
971   0.000 0.007    0.183 0.000
972   0.000 0.007    0.206 0.000
973   0.000 0.007    0.229 0.000
974   0.000 0.007    0.252 0.000
975   0.000 0.006    0.276 0.000
976   0.000 0.006    0.301 0.000
977   0.000 0.006    0.325 0.000
978   0.000 0.006    0.350 0.000
979   0.000 0.006    0.376 0.000
980   0.000 0.006    0.401 0.000
981   0.000 0.005    0.426 0.000
982   0.000 0.005    0.452 0.000
983   0.000 0.005    0.478 0.000
984   0.000 0.005    0.504 0.000
985   0.000 0.005    0.530 0.000
986   0.000 0.005    0.556 0.000
987   0.000 0.005    0.581 0.000
988   0.000 0.004    0.607 0.000
989   0.000 0.004    0.633 0.000
990   0.000 0.004    0.658 0.000
991   0.000 0.004    0.683 0.000
992   0.000 0.004    0.707 0.000
993   0.000 0.004    0.731 0.000
994   0.000 0.004    0.755 0.000
995   0.000 0.004    0.778 0.000
996   0.000 0.003    0.800 0.000
997   0.000 0.003    0.822 0.000
998   0.000 0.003    0.842 0.000
999   0.000 0.003    0.862 0.000
1000   0.000 0.003    0.881 0.000
1001   0.000 0.003    0.899 0.000
1002   0.000 0.003    0.916 0.000
1003   0.000 0.003    0.931 0.000
1004   0.000 0.002    0.945 0.000
1005   0.000 0.002    0.958 0.000
1006   0.000 0.002    0.969 0.000
1007   0.000 0.002    0.979 0.000
1008   0.000 0.002    0.987 0.000
1009   0.000 0.002    0.993 0.000
1010   0.000 0.002    0.997 0.000
1011   0.000 0.002    1.000 0.000
1012   0.000 0.001    1.000 0.000
1013   0.000 0.001    0.998 0.000
1014   0.000 0.001    0.994 0.000
1015   0.000 0.001    0.988 0.000
1016   0.000 0.001    0.980 0.000
1017   0.000 0.001    0.969 0.000
1018   0.000 0.001    0.956 0.000
1019   0.000 0.001    0.940 0.000
1020   0.000 0.000    0.922 0.000
1021   0.000 0.000    0.901 0.000
1022   0.000 0.000    0.878 0.000
1023   0.000 0.000    0.852 0.000
