0.0000000 1.0005000 -0.0005000
0.0005000 1.0010005 -0.0005002
0.0010000 1.0015015 -0.0005005
0.0015000 1.0020030 -0.0005008
0.0020000 1.0025050 -0.0005010
0.0025000 1.0030075 -0.0005013
0.0030000 1.0035105 -0.0005015
0.0035000 1.0040140 -0.0005018
0.0040000 1.0045181 -0.0005020
0.0045000 1.0050226 -0.0005023
0.0050000 1.0055276 -0.0005025
0.0055000 1.0060332 -0.0005028
0.0060000 1.0065392 -0.0005030
0.0065000 1.0070458 -0.0005033
0.0070000 1.0075529 -0.0005035
0.0075000 1.0080604 -0.0005038
0.0080000 1.0085685 -0.0005040
0.0085000 1.0090771 -0.0005043
0.0090000 1.0095863 -0.0005045
0.0095000 1.0100959 -0.0005048
0.0100000 1.0106060 -0.0005050
0.0105000 1.0111167 -0.0005053
0.0110000 1.0116279 -0.0005055
0.0115000 1.0121396 -0.0005058
0.0120000 1.0126518 -0.0005060
0.0125000 1.0131645 -0.0005063
0.0130000 1.0136778 -0.0005065
0.0135000 1.0141915 -0.0005068
0.0140000 1.0147058 -0.0005070
0.0145000 1.0152206 -0.0005073
0.0150000 1.0157360 -0.0005076
0.0155000 1.0162518 -0.0005078
0.0160000 1.0167682 -0.0005081
0.0165000 1.0172851 -0.0005083
0.0170000 1.0178026 -0.0005086
0.0175000 1.0183205 -0.0005088
0.0180000 1.0188390 -0.0005091
0.0185000 1.0193580 -0.0005093
0.0190000 1.0198776 -0.0005096
0.0195000 1.0203977 -0.0005098
0.0200000 1.0209183 -0.0005101
0.0205000 1.0214394 -0.0005104
0.0210000 1.0219611 -0.0005106
0.0215000 1.0224833 -0.0005109
0.0220000 1.0230060 -0.0005111
0.0225000 1.0235293 -0.0005114
0.0230000 1.0240531 -0.0005116
0.0235000 1.0245774 -0.0005119
0.0240000 1.0251023 -0.0005121
0.0245000 1.0256277 -0.0005124
0.0250000 1.0261537 -0.0005127
0.0255000 1.0266802 -0.0005129
0.0260000 1.0272072 -0.0005132
0.0265000 1.0277348 -0.0005134
0.0270000 1.0282629 -0.0005137
0.0275000 1.0287916 -0.0005139
0.0280000 1.0293208 -0.0005142
0.0285000 1.0298505 -0.0005144
0.0290000 1.0303808 -0.0005147
0.0295000 1.0309117 -0.0005150
0.0300000 1.0314431 -0.0005152
0.0305000 1.0319750 -0.0005155
0.0310000 1.0325075 -0.0005157
0.0315000 1.0330405 -0.0005160
0.0320000 1.0335741 -0.0005162
0.0325000 1.0341082 -0.0005165
0.0330000 1.0346429 -0.0005168
0.0335000 1.0351782 -0.0005170
0.0340000 1.0357140 -0.0005173
0.0345000 1.0362503 -0.0005175
0.0350000 1.0367872 -0.0005178
0.0355000 1.0373247 -0.0005181
0.0360000 1.0378627 -0.0005183
0.0365000 1.0384013 -0.0005186
0.0370000 1.0389404 -0.0005188
0.0375000 1.0394801 -0.0005191
0.0380000 1.0400204 -0.0005193
0.0385000 1.0405612 -0.0005196
0.0390000 1.0411026 -0.0005199
0.0395000 1.0416445 -0.0005201
0.0400000 1.0421870 -0.0005204
0.0405000 1.0427301 -0.0005206
0.0410000 1.0432738 -0.0005209
0.0415000 1.0438180 -0.0005212
0.0420000 1.0443628 -0.0005214
0.0425000 1.0449081 -0.0005217
0.0430000 1.0454540 -0.0005219
0.0435000 1.0460005 -0.0005222
0.0440000 1.0465476 -0.0005225
0.0445000 1.0470952 -0.0005227
0.0450000 1.0476434 -0.0005230
0.0455000 1.0481922 -0.0005232
0.0460000 1.0487415 -0.0005235
0.0465000 1.0492915 -0.0005238
0.0470000 1.0498420 -0.0005240
0.0475000 1.0503931 -0.0005243
0.0480000 1.0509447 -0.0005245
0.0485000 1.0514970 -0.0005248
0.0490000 1.0520498 -0.0005251
0.0495000 1.0526032 -0.0005253
0.0500000 1.0531572 -0.0005256
0.0505000 1.0537117 -0.0005259
0.0510000 1.0542669 -0.0005261
0.0515000 1.0548226 -0.0005264
0.0520000 1.0553790 -0.0005266
0.0525000 1.0559359 -0.0005269
0.0530000 1.0564934 -0.0005272
0.0535000 1.0570515 -0.0005274
0.0540000 1.0576101 -0.0005277
0.0545000 1.0581694 -0.0005280
0.0550000 1.0587293 -0.0005282
0.0555000 1.0592897 -0.0005285
0.0560000 1.0598508 -0.0005287
0.0565000 1.0604124 -0.0005290
0.0570000 1.0609747 -0.0005293
0.0575000 1.0615375 -0.0005295
0.0580000 1.0621009 -0.0005298
0.0585000 1.0626649 -0.0005301
0.0590000 1.0632296 -0.0005303
0.0595000 1.0637948 -0.0005306
0.0600000 1.0643606 -0.0005308
0.0605000 1.0649271 -0.0005311
0.0610000 1.0654941 -0.0005314
0.0615000 1.0660617 -0.0005316
0.0620000 1.0666300 -0.0005319
0.0625000 1.0671988 -0.0005322
0.0630000 1.0677683 -0.0005324
0.0635000 1.0683384 -0.0005327
0.0640000 1.0689090 -0.0005330
0.0645000 1.0694803 -0.0005332
0.0650000 1.0700522 -0.0005335
0.0655000 1.0706247 -0.0005338
0.0660000 1.0711978 -0.0005340
0.0665000 1.0717716 -0.0005343
0.0670000 1.0723459 -0.0005345
0.0675000 1.0729209 -0.0005348
0.0680000 1.0734964 -0.0005351
0.0685000 1.0740726 -0.0005353
0.0690000 1.0746495 -0.0005356
0.0695000 1.0752269 -0.0005359
0.0700000 1.0758050 -0.0005361
0.0705000 1.0763836 -0.0005364
0.0710000 1.0769629 -0.0005367
0.0715000 1.0775429 -0.0005369
0.0720000 1.0781234 -0.0005372
0.0725000 1.0787046 -0.0005375
0.0730000 1.0792864 -0.0005377
0.0735000 1.0798688 -0.0005380
0.0740000 1.0804519 -0.0005383
0.0745000 1.0810356 -0.0005385
0.0750000 1.0816199 -0.0005388
0.0755000 1.0822048 -0.0005391
0.0760000 1.0827904 -0.0005393
0.0765000 1.0833766 -0.0005396
0.0770000 1.0839635 -0.0005399
0.0775000 1.0845510 -0.0005401
0.0780000 1.0851391 -0.0005404
0.0785000 1.0857279 -0.0005407
0.0790000 1.0863173 -0.0005409
0.0795000 1.0869073 -0.0005412
0.0800000 1.0874980 -0.0005415
0.0805000 1.0880893 -0.0005417
0.0810000 1.0886813 -0.0005420
0.0815000 1.0892739 -0.0005423
0.0820000 1.0898672 -0.0005425
0.0825000 1.0904611 -0.0005428
0.0830000 1.0910556 -0.0005431
0.0835000 1.0916508 -0.0005433
0.0840000 1.0922467 -0.0005436
0.0845000 1.0928432 -0.0005439
0.0850000 1.0934403 -0.0005441
0.0855000 1.0940381 -0.0005444
0.0860000 1.0946366 -0.0005447
0.0865000 1.0952357 -0.0005450
0.0870000 1.0958355 -0.0005452
0.0875000 1.0964359 -0.0005455
0.0880000 1.0970370 -0.0005458
0.0885000 1.0976387 -0.0005460
0.0890000 1.0982411 -0.0005463
0.0895000 1.0988442 -0.0005466
0.0900000 1.0994479 -0.0005468
0.0905000 1.1000523 -0.0005471
0.0910000 1.1006574 -0.0005474
0.0915000 1.1012631 -0.0005476
0.0920000 1.1018695 -0.0005479
0.0925000 1.1024766 -0.0005482
0.0930000 1.1030843 -0.0005485
0.0935000 1.1036927 -0.0005487
0.0940000 1.1043017 -0.0005490
0.0945000 1.1049115 -0.0005493
0.0950000 1.1055219 -0.0005495
0.0955000 1.1061330 -0.0005498
0.0960000 1.1067448 -0.0005501
0.0965000 1.1073572 -0.0005503
0.0970000 1.1079703 -0.0005506
0.0975000 1.1085841 -0.0005509
0.0980000 1.1091986 -0.0005511
0.0985000 1.1098138 -0.0005514
0.0990000 1.1104296 -0.0005517
0.0995000 1.1110461 -0.0005520
0.1000000 1.1116633 -0.0005522
0.1005000 1.1122812 -0.0005525
0.1010000 1.1128998 -0.0005528
0.1015000 1.1135191 -0.0005530
0.1020000 1.1141391 -0.0005533
0.1025000 1.1147597 -0.0005536
0.1030000 1.1153811 -0.0005539
0.1035000 1.1160031 -0.0005541
0.1040000 1.1166258 -0.0005544
0.1045000 1.1172493 -0.0005547
0.1050000 1.1178734 -0.0005549
0.1055000 1.1184982 -0.0005552
0.1060000 1.1191237 -0.0005555
0.1065000 1.1197499 -0.0005558
0.1070000 1.1203769 -0.0005560
0.1075000 1.1210045 -0.0005563
0.1080000 1.1216328 -0.0005566
0.1085000 1.1222618 -0.0005568
0.1090000 1.1228916 -0.0005571
0.1095000 1.1235220 -0.0005574
0.1100000 1.1241532 -0.0005577
0.1105000 1.1247850 -0.0005579
0.1110000 1.1254176 -0.0005582
0.1115000 1.1260509 -0.0005585
0.1120000 1.1266849 -0.0005587
0.1125000 1.1273196 -0.0005590
0.1130000 1.1279550 -0.0005593
0.1135000 1.1285911 -0.0005596
0.1140000 1.1292280 -0.0005598
0.1145000 1.1298656 -0.0005601
0.1150000 1.1305039 -0.0005604
0.1155000 1.1311429 -0.0005607
0.1160000 1.1317826 -0.0005609
0.1165000 1.1324231 -0.0005612
0.1170000 1.1330643 -0.0005615
0.1175000 1.1337062 -0.0005617
0.1180000 1.1343489 -0.0005620
0.1185000 1.1349922 -0.0005623
0.1190000 1.1356363 -0.0005626
0.1195000 1.1362812 -0.0005628
0.1200000 1.1369267 -0.0005631
0.1205000 1.1375730 -0.0005634
0.1210000 1.1382201 -0.0005637
0.1215000 1.1388679 -0.0005639
0.1220000 1.1395164 -0.0005642
0.1225000 1.1401656 -0.0005645
0.1230000 1.1408156 -0.0005647
0.1235000 1.1414663 -0.0005650
0.1240000 1.1421178 -0.0005653
0.1245000 1.1427700 -0.0005656
0.1250000 1.1434230 -0.0005658
0.1255000 1.1440767 -0.0005661
0.1260000 1.1447311 -0.0005664
0.1265000 1.1453863 -0.0005667
0.1270000 1.1460423 -0.0005669
0.1275000 1.1466990 -0.0005672
0.1280000 1.1473565 -0.0005675
0.1285000 1.1480147 -0.0005678
0.1290000 1.1486737 -0.0005680
0.1295000 1.1493334 -0.0005683
0.1300000 1.1499939 -0.0005686
0.1305000 1.1506551 -0.0005688
0.1310000 1.1513171 -0.0005691
0.1315000 1.1519799 -0.0005694
0.1320000 1.1526434 -0.0005697
0.1325000 1.1533077 -0.0005699
0.1330000 1.1539728 -0.0005702
0.1335000 1.1546386 -0.0005705
0.1340000 1.1553052 -0.0005708
0.1345000 1.1559725 -0.0005710
0.1350000 1.1566407 -0.0005713
0.1355000 1.1573096 -0.0005716
0.1360000 1.1579793 -0.0005719
0.1365000 1.1586497 -0.0005721
0.1370000 1.1593210 -0.0005724
0.1375000 1.1599930 -0.0005727
0.1380000 1.1606658 -0.0005730
0.1385000 1.1613393 -0.0005732
0.1390000 1.1620137 -0.0005735
0.1395000 1.1626888 -0.0005738
0.1400000 1.1633648 -0.0005741
0.1405000 1.1640415 -0.0005743
0.1410000 1.1647190 -0.0005746
0.1415000 1.1653972 -0.0005749
0.1420000 1.1660763 -0.0005752
0.1425000 1.1667562 -0.0005754
0.1430000 1.1674368 -0.0005757
0.1435000 1.1681183 -0.0005760
0.1440000 1.1688006 -0.0005763
0.1445000 1.1694836 -0.0005765
0.1450000 1.1701674 -0.0005768
0.1455000 1.1708521 -0.0005771
0.1460000 1.1715375 -0.0005773
0.1465000 1.1722238 -0.0005776
0.1470000 1.1729108 -0.0005779
0.1475000 1.1735987 -0.0005782
0.1480000 1.1742874 -0.0005784
0.1485000 1.1749768 -0.0005787
0.1490000 1.1756671 -0.0005790
0.1495000 1.1763582 -0.0005793
0.1500000 1.1770501 -0.0005795
0.1505000 1.1777429 -0.0005798
0.1510000 1.1784364 -0.0005801
0.1515000 1.1791308 -0.0005804
0.1520000 1.1798259 -0.0005806
0.1525000 1.1805219 -0.0005809
0.1530000 1.1812187 -0.0005812
0.1535000 1.1819164 -0.0005815
0.1540000 1.1826148 -0.0005817
0.1545000 1.1833141 -0.0005820
0.1550000 1.1840142 -0.0005823
0.1555000 1.1847152 -0.0005826
0.1560000 1.1854170 -0.0005828
0.1565000 1.1861196 -0.0005831
0.1570000 1.1868230 -0.0005834
0.1575000 1.1875273 -0.0005837
0.1580000 1.1882324 -0.0005839
0.1585000 1.1889383 -0.0005842
0.1590000 1.1896451 -0.0005845
0.1595000 1.1903528 -0.0005848
0.1600000 1.1910612 -0.0005850
0.1605000 1.1917705 -0.0005853
0.1610000 1.1924807 -0.0005856
0.1615000 1.1931917 -0.0005859
0.1620000 1.1939036 -0.0005861
0.1625000 1.1946163 -0.0005864
0.1630000 1.1953298 -0.0005867
0.1635000 1.1960442 -0.0005870
0.1640000 1.1967595 -0.0005872
0.1645000 1.1974756 -0.0005875
0.1650000 1.1981926 -0.0005878
0.1655000 1.1989104 -0.0005881
0.1660000 1.1996291 -0.0005883
0.1665000 1.2003487 -0.0005886
0.1670000 1.2010691 -0.0005889
0.1675000 1.2017904 -0.0005892
0.1680000 1.2025125 -0.0005894
0.1685000 1.2032355 -0.0005897
0.1690000 1.2039594 -0.0005900
0.1695000 1.2046842 -0.0005903
0.1700000 1.2054098 -0.0005905
0.1705000 1.2061363 -0.0005908
0.1710000 1.2068637 -0.0005911
0.1715000 1.2075920 -0.0005914
0.1720000 1.2083211 -0.0005916
0.1725000 1.2090511 -0.0005919
0.1730000 1.2097820 -0.0005922
0.1735000 1.2105138 -0.0005924
0.1740000 1.2112465 -0.0005927
0.1745000 1.2119800 -0.0005930
0.1750000 1.2127145 -0.0005933
0.1755000 1.2134498 -0.0005935
0.1760000 1.2141860 -0.0005938
0.1765000 1.2149232 -0.0005941
0.1770000 1.2156612 -0.0005944
0.1775000 1.2164001 -0.0005946
0.1780000 1.2171399 -0.0005949
0.1785000 1.2178806 -0.0005952
0.1790000 1.2186223 -0.0005955
0.1795000 1.2193648 -0.0005957
0.1800000 1.2201082 -0.0005960
0.1805000 1.2208525 -0.0005963
0.1810000 1.2215978 -0.0005966
0.1815000 1.2223439 -0.0005968
0.1820000 1.2230910 -0.0005971
0.1825000 1.2238390 -0.0005974
0.1830000 1.2245879 -0.0005976
0.1835000 1.2253377 -0.0005979
0.1840000 1.2260884 -0.0005982
0.1845000 1.2268400 -0.0005985
0.1850000 1.2275926 -0.0005987
0.1855000 1.2283461 -0.0005990
0.1860000 1.2291005 -0.0005993
0.1865000 1.2298559 -0.0005996
0.1870000 1.2306121 -0.0005998
0.1875000 1.2313693 -0.0006001
0.1880000 1.2321275 -0.0006004
0.1885000 1.2328865 -0.0006006
0.1890000 1.2336465 -0.0006009
0.1895000 1.2344075 -0.0006012
0.1900000 1.2351694 -0.0006015
0.1905000 1.2359322 -0.0006017
0.1910000 1.2366959 -0.0006020
0.1915000 1.2374607 -0.0006023
0.1920000 1.2382263 -0.0006025
0.1925000 1.2389929 -0.0006028
0.1930000 1.2397605 -0.0006031
0.1935000 1.2405290 -0.0006034
0.1940000 1.2412984 -0.0006036
0.1945000 1.2420688 -0.0006039
0.1950000 1.2428402 -0.0006042
0.1955000 1.2436125 -0.0006044
0.1960000 1.2443858 -0.0006047
0.1965000 1.2451601 -0.0006050
0.1970000 1.2459353 -0.0006053
0.1975000 1.2467114 -0.0006055
0.1980000 1.2474886 -0.0006058
0.1985000 1.2482667 -0.0006061
0.1990000 1.2490458 -0.0006063
0.1995000 1.2498259 -0.0006066
0.2000000 1.2506069 -0.0006069
0.2005000 1.2513889 -0.0006072
0.2010000 1.2521719 -0.0006074
0.2015000 1.2529558 -0.0006077
0.2020000 1.2537408 -0.0006080
0.2025000 1.2545267 -0.0006082
0.2030000 1.2553136 -0.0006085
0.2035000 1.2561016 -0.0006088
0.2040000 1.2568904 -0.0006090
0.2045000 1.2576803 -0.0006093
0.2050000 1.2584712 -0.0006096
0.2055000 1.2592631 -0.0006098
0.2060000 1.2600560 -0.0006101
0.2065000 1.2608498 -0.0006104
0.2070000 1.2616447 -0.0006107
0.2075000 1.2624406 -0.0006109
0.2080000 1.2632375 -0.0006112
0.2085000 1.2640353 -0.0006115
0.2090000 1.2648342 -0.0006117
0.2095000 1.2656341 -0.0006120
0.2100000 1.2664351 -0.0006123
0.2105000 1.2672370 -0.0006125
0.2110000 1.2680399 -0.0006128
0.2115000 1.2688439 -0.0006131
0.2120000 1.2696489 -0.0006133
0.2125000 1.2704549 -0.0006136
0.2130000 1.2712619 -0.0006139
0.2135000 1.2720700 -0.0006141
0.2140000 1.2728790 -0.0006144
0.2145000 1.2736891 -0.0006147
0.2150000 1.2745003 -0.0006149
0.2155000 1.2753125 -0.0006152
0.2160000 1.2761257 -0.0006155
0.2165000 1.2769399 -0.0006157
0.2170000 1.2777552 -0.0006160
0.2175000 1.2785715 -0.0006163
0.2180000 1.2793889 -0.0006165
0.2185000 1.2802073 -0.0006168
0.2190000 1.2810268 -0.0006171
0.2195000 1.2818473 -0.0006173
0.2200000 1.2826689 -0.0006176
0.2205000 1.2834915 -0.0006179
0.2210000 1.2843152 -0.0006181
0.2215000 1.2851399 -0.0006184
0.2220000 1.2859657 -0.0006187
0.2225000 1.2867926 -0.0006189
0.2230000 1.2876205 -0.0006192
0.2235000 1.2884495 -0.0006194
0.2240000 1.2892795 -0.0006197
0.2245000 1.2901106 -0.0006200
0.2250000 1.2909428 -0.0006202
0.2255000 1.2917761 -0.0006205
0.2260000 1.2926104 -0.0006208
0.2265000 1.2934458 -0.0006210
0.2270000 1.2942823 -0.0006213
0.2275000 1.2951199 -0.0006215
0.2280000 1.2959586 -0.0006218
0.2285000 1.2967984 -0.0006221
0.2290000 1.2976392 -0.0006223
0.2295000 1.2984811 -0.0006226
0.2300000 1.2993242 -0.0006229
0.2305000 1.3001683 -0.0006231
0.2310000 1.3010135 -0.0006234
0.2315000 1.3018598 -0.0006236
0.2320000 1.3027072 -0.0006239
0.2325000 1.3035558 -0.0006242
0.2330000 1.3044054 -0.0006244
0.2335000 1.3052561 -0.0006247
0.2340000 1.3061080 -0.0006249
0.2345000 1.3069609 -0.0006252
0.2350000 1.3078150 -0.0006255
0.2355000 1.3086702 -0.0006257
0.2360000 1.3095265 -0.0006260
0.2365000 1.3103839 -0.0006262
0.2370000 1.3112425 -0.0006265
0.2375000 1.3121022 -0.0006268
0.2380000 1.3129630 -0.0006270
0.2385000 1.3138249 -0.0006273
0.2390000 1.3146880 -0.0006275
0.2395000 1.3155522 -0.0006278
0.2400000 1.3164175 -0.0006280
0.2405000 1.3172840 -0.0006283
0.2410000 1.3181516 -0.0006286
0.2415000 1.3190204 -0.0006288
0.2420000 1.3198903 -0.0006291
0.2425000 1.3207613 -0.0006293
0.2430000 1.3216335 -0.0006296
0.2435000 1.3225069 -0.0006298
0.2440000 1.3233814 -0.0006301
0.2445000 1.3242571 -0.0006303
0.2450000 1.3251339 -0.0006306
0.2455000 1.3260119 -0.0006308
0.2460000 1.3268910 -0.0006311
0.2465000 1.3277714 -0.0006314
0.2470000 1.3286529 -0.0006316
0.2475000 1.3295355 -0.0006319
0.2480000 1.3304193 -0.0006321
0.2485000 1.3313044 -0.0006324
0.2490000 1.3321905 -0.0006326
0.2495000 1.3330779 -0.0006329
0.2500000 1.3339665 -0.0006331
0.2505000 1.3348562 -0.0006334
0.2510000 1.3357471 -0.0006336
0.2515000 1.3366392 -0.0006339
0.2520000 1.3375325 -0.0006341
0.2525000 1.3384270 -0.0006344
0.2530000 1.3393227 -0.0006346
0.2535000 1.3402196 -0.0006349
0.2540000 1.3411177 -0.0006351
0.2545000 1.3420170 -0.0006354
0.2550000 1.3429175 -0.0006356
0.2555000 1.3438192 -0.0006359
0.2560000 1.3447221 -0.0006361
0.2565000 1.3456263 -0.0006364
0.2570000 1.3465316 -0.0006366
0.2575000 1.3474382 -0.0006369
0.2580000 1.3483460 -0.0006371
0.2585000 1.3492550 -0.0006374
0.2590000 1.3501653 -0.0006376
0.2595000 1.3510767 -0.0006378
0.2600000 1.3519894 -0.0006381
0.2605000 1.3529034 -0.0006383
0.2610000 1.3538186 -0.0006386
0.2615000 1.3547350 -0.0006388
0.2620000 1.3556526 -0.0006391
0.2625000 1.3565715 -0.0006393
0.2630000 1.3574917 -0.0006396
0.2635000 1.3584131 -0.0006398
0.2640000 1.3593357 -0.0006400
0.2645000 1.3602596 -0.0006403
0.2650000 1.3611847 -0.0006405
0.2655000 1.3621112 -0.0006408
0.2660000 1.3630388 -0.0006410
0.2665000 1.3639678 -0.0006413
0.2670000 1.3648980 -0.0006415
0.2675000 1.3658294 -0.0006417
0.2680000 1.3667622 -0.0006420
0.2685000 1.3676962 -0.0006422
0.2690000 1.3686315 -0.0006425
0.2695000 1.3695681 -0.0006427
0.2700000 1.3705059 -0.0006429
0.2705000 1.3714451 -0.0006432
0.2710000 1.3723855 -0.0006434
0.2715000 1.3733272 -0.0006436
0.2720000 1.3742703 -0.0006439
0.2725000 1.3752146 -0.0006441
0.2730000 1.3761602 -0.0006444
0.2735000 1.3771071 -0.0006446
0.2740000 1.3780553 -0.0006448
0.2745000 1.3790048 -0.0006451
0.2750000 1.3799556 -0.0006453
0.2755000 1.3809078 -0.0006455
0.2760000 1.3818612 -0.0006458
0.2765000 1.3828160 -0.0006460
0.2770000 1.3837721 -0.0006462
0.2775000 1.3847295 -0.0006465
0.2780000 1.3856882 -0.0006467
0.2785000 1.3866483 -0.0006469
0.2790000 1.3876097 -0.0006471
0.2795000 1.3885724 -0.0006474
0.2800000 1.3895365 -0.0006476
0.2805000 1.3905019 -0.0006478
0.2810000 1.3914687 -0.0006481
0.2815000 1.3924367 -0.0006483
0.2820000 1.3934062 -0.0006485
0.2825000 1.3943770 -0.0006488
0.2830000 1.3953491 -0.0006490
0.2835000 1.3963226 -0.0006492
0.2840000 1.3972975 -0.0006494
0.2845000 1.3982737 -0.0006497
0.2850000 1.3992513 -0.0006499
0.2855000 1.4002302 -0.0006501
0.2860000 1.4012106 -0.0006503
0.2865000 1.4021922 -0.0006506
0.2870000 1.4031753 -0.0006508
0.2875000 1.4041598 -0.0006510
0.2880000 1.4051456 -0.0006512
0.2885000 1.4061328 -0.0006514
0.2890000 1.4071214 -0.0006517
0.2895000 1.4081114 -0.0006519
0.2900000 1.4091028 -0.0006521
0.2905000 1.4100956 -0.0006523
0.2910000 1.4110898 -0.0006525
0.2915000 1.4120854 -0.0006528
0.2920000 1.4130824 -0.0006530
0.2925000 1.4140808 -0.0006532
0.2930000 1.4150806 -0.0006534
0.2935000 1.4160818 -0.0006536
0.2940000 1.4170844 -0.0006538
0.2945000 1.4180885 -0.0006541
0.2950000 1.4190940 -0.0006543
0.2955000 1.4201009 -0.0006545
0.2960000 1.4211093 -0.0006547
0.2965000 1.4221190 -0.0006549
0.2970000 1.4231302 -0.0006551
0.2975000 1.4241429 -0.0006553
0.2980000 1.4251570 -0.0006556
0.2985000 1.4261725 -0.0006558
0.2990000 1.4271895 -0.0006560
0.2995000 1.4282079 -0.0006562
0.3000000 1.4292278 -0.0006564
0.3005000 1.4302492 -0.0006566
0.3010000 1.4312720 -0.0006568
0.3015000 1.4322962 -0.0006570
0.3020000 1.4333220 -0.0006572
0.3025000 1.4343492 -0.0006574
0.3030000 1.4353779 -0.0006576
0.3035000 1.4364080 -0.0006578
0.3040000 1.4374397 -0.0006580
0.3045000 1.4384728 -0.0006583
0.3050000 1.4395074 -0.0006585
0.3055000 1.4405435 -0.0006587
0.3060000 1.4415810 -0.0006589
0.3065000 1.4426201 -0.0006591
0.3070000 1.4436607 -0.0006593
0.3075000 1.4447028 -0.0006595
0.3080000 1.4457464 -0.0006597
0.3085000 1.4467915 -0.0006599
0.3090000 1.4478381 -0.0006601
0.3095000 1.4488862 -0.0006603
0.3100000 1.4499358 -0.0006604
0.3105000 1.4509870 -0.0006606
0.3110000 1.4520396 -0.0006608
0.3115000 1.4530939 -0.0006610
0.3120000 1.4541496 -0.0006612
0.3125000 1.4552069 -0.0006614
0.3130000 1.4562657 -0.0006616
0.3135000 1.4573260 -0.0006618
0.3140000 1.4583879 -0.0006620
0.3145000 1.4594514 -0.0006622
0.3150000 1.4605164 -0.0006624
0.3155000 1.4615829 -0.0006626
0.3160000 1.4626511 -0.0006628
0.3165000 1.4637207 -0.0006629
0.3170000 1.4647920 -0.0006631
0.3175000 1.4658648 -0.0006633
0.3180000 1.4669392 -0.0006635
0.3185000 1.4680151 -0.0006637
0.3190000 1.4690926 -0.0006639
0.3195000 1.4701718 -0.0006640
0.3200000 1.4712525 -0.0006642
0.3205000 1.4723348 -0.0006644
0.3210000 1.4734186 -0.0006646
0.3215000 1.4745041 -0.0006648
0.3220000 1.4755912 -0.0006650
0.3225000 1.4766799 -0.0006651
0.3230000 1.4777702 -0.0006653
0.3235000 1.4788621 -0.0006655
0.3240000 1.4799556 -0.0006657
0.3245000 1.4810507 -0.0006658
0.3250000 1.4821475 -0.0006660
0.3255000 1.4832459 -0.0006662
0.3260000 1.4843459 -0.0006664
0.3265000 1.4854475 -0.0006665
0.3270000 1.4865508 -0.0006667
0.3275000 1.4876557 -0.0006669
0.3280000 1.4887623 -0.0006670
0.3285000 1.4898705 -0.0006672
0.3290000 1.4909803 -0.0006674
0.3295000 1.4920919 -0.0006675
0.3300000 1.4932050 -0.0006677
0.3305000 1.4943199 -0.0006679
0.3310000 1.4954363 -0.0006680
0.3315000 1.4965545 -0.0006682
0.3320000 1.4976743 -0.0006684
0.3325000 1.4987959 -0.0006685
0.3330000 1.4999191 -0.0006687
0.3335000 1.5010439 -0.0006688
0.3340000 1.5021705 -0.0006690
0.3345000 1.5032988 -0.0006692
0.3350000 1.5044287 -0.0006693
0.3355000 1.5055604 -0.0006695
0.3360000 1.5066937 -0.0006696
0.3365000 1.5078288 -0.0006698
0.3370000 1.5089656 -0.0006699
0.3375000 1.5101040 -0.0006701
0.3380000 1.5112443 -0.0006702
0.3385000 1.5123862 -0.0006704
0.3390000 1.5135298 -0.0006705
0.3395000 1.5146752 -0.0006707
0.3400000 1.5158223 -0.0006708
0.3405000 1.5169712 -0.0006710
0.3410000 1.5181218 -0.0006711
0.3415000 1.5192742 -0.0006713
0.3420000 1.5204283 -0.0006714
0.3425000 1.5215841 -0.0006716
0.3430000 1.5227417 -0.0006717
0.3435000 1.5239011 -0.0006718
0.3440000 1.5250622 -0.0006720
0.3445000 1.5262251 -0.0006721
0.3450000 1.5273898 -0.0006723
0.3455000 1.5285563 -0.0006724
0.3460000 1.5297245 -0.0006725
0.3465000 1.5308945 -0.0006727
0.3470000 1.5320664 -0.0006728
0.3475000 1.5332400 -0.0006729
0.3480000 1.5344154 -0.0006731
0.3485000 1.5355926 -0.0006732
0.3490000 1.5367716 -0.0006733
0.3495000 1.5379525 -0.0006734
0.3500000 1.5391351 -0.0006736
0.3505000 1.5403196 -0.0006737
0.3510000 1.5415059 -0.0006738
0.3515000 1.5426940 -0.0006739
0.3520000 1.5438839 -0.0006741
0.3525000 1.5450757 -0.0006742
0.3530000 1.5462694 -0.0006743
0.3535000 1.5474648 -0.0006744
0.3540000 1.5486622 -0.0006745
0.3545000 1.5498613 -0.0006747
0.3550000 1.5510624 -0.0006748
0.3555000 1.5522653 -0.0006749
0.3560000 1.5534700 -0.0006750
0.3565000 1.5546767 -0.0006751
0.3570000 1.5558852 -0.0006752
0.3575000 1.5570956 -0.0006753
0.3580000 1.5583078 -0.0006754
0.3585000 1.5595220 -0.0006755
0.3590000 1.5607381 -0.0006756
0.3595000 1.5619560 -0.0006758
0.3600000 1.5631759 -0.0006759
0.3605000 1.5643976 -0.0006760
0.3610000 1.5656213 -0.0006761
0.3615000 1.5668469 -0.0006762
0.3620000 1.5680744 -0.0006763
0.3625000 1.5693038 -0.0006764
0.3630000 1.5705352 -0.0006764
0.3635000 1.5717685 -0.0006765
0.3640000 1.5730037 -0.0006766
0.3645000 1.5742408 -0.0006767
0.3650000 1.5754800 -0.0006768
0.3655000 1.5767210 -0.0006769
0.3660000 1.5779641 -0.0006770
0.3665000 1.5792090 -0.0006771
0.3670000 1.5804560 -0.0006772
0.3675000 1.5817049 -0.0006772
0.3680000 1.5829558 -0.0006773
0.3685000 1.5842087 -0.0006774
0.3690000 1.5854635 -0.0006775
0.3695000 1.5867204 -0.0006776
0.3700000 1.5879792 -0.0006776
0.3705000 1.5892401 -0.0006777
0.3710000 1.5905029 -0.0006778
0.3715000 1.5917678 -0.0006779
0.3720000 1.5930346 -0.0006779
0.3725000 1.5943035 -0.0006780
0.3730000 1.5955744 -0.0006781
0.3735000 1.5968473 -0.0006781
0.3740000 1.5981223 -0.0006782
0.3745000 1.5993993 -0.0006783
0.3750000 1.6006783 -0.0006783
0.3755000 1.6019594 -0.0006784
0.3760000 1.6032426 -0.0006785
0.3765000 1.6045277 -0.0006785
0.3770000 1.6058150 -0.0006786
0.3775000 1.6071043 -0.0006786
0.3780000 1.6083957 -0.0006787
0.3785000 1.6096892 -0.0006787
0.3790000 1.6109847 -0.0006788
0.3795000 1.6122824 -0.0006788
0.3800000 1.6135821 -0.0006789
0.3805000 1.6148839 -0.0006789
0.3810000 1.6161878 -0.0006790
0.3815000 1.6174939 -0.0006790
0.3820000 1.6188020 -0.0006790
0.3825000 1.6201123 -0.0006791
0.3830000 1.6214247 -0.0006791
0.3835000 1.6227392 -0.0006792
0.3840000 1.6240558 -0.0006792
0.3845000 1.6253746 -0.0006792
0.3850000 1.6266955 -0.0006793
0.3855000 1.6280186 -0.0006793
0.3860000 1.6293438 -0.0006793
0.3865000 1.6306712 -0.0006793
0.3870000 1.6320007 -0.0006794
0.3875000 1.6333324 -0.0006794
0.3880000 1.6346663 -0.0006794
0.3885000 1.6360024 -0.0006794
0.3890000 1.6373406 -0.0006794
0.3895000 1.6386811 -0.0006795
0.3900000 1.6400237 -0.0006795
0.3905000 1.6413686 -0.0006795
0.3910000 1.6427156 -0.0006795
0.3915000 1.6440649 -0.0006795
0.3920000 1.6454163 -0.0006795
0.3925000 1.6467700 -0.0006795
0.3930000 1.6481260 -0.0006795
0.3935000 1.6494841 -0.0006795
0.3940000 1.6508445 -0.0006795
0.3945000 1.6522072 -0.0006795
0.3950000 1.6535721 -0.0006795
0.3955000 1.6549392 -0.0006795
0.3960000 1.6563086 -0.0006795
0.3965000 1.6576803 -0.0006795
0.3970000 1.6590543 -0.0006795
0.3975000 1.6604305 -0.0006795
0.3980000 1.6618090 -0.0006794
0.3985000 1.6631898 -0.0006794
0.3990000 1.6645729 -0.0006794
0.3995000 1.6659583 -0.0006794
0.4000000 1.6673460 -0.0006794
0.4005000 1.6687360 -0.0006793
0.4010000 1.6701284 -0.0006793
0.4015000 1.6715230 -0.0006793
0.4020000 1.6729200 -0.0006792
0.4025000 1.6743194 -0.0006792
0.4030000 1.6757210 -0.0006792
0.4035000 1.6771251 -0.0006791
0.4040000 1.6785314 -0.0006791
0.4045000 1.6799402 -0.0006790
0.4050000 1.6813513 -0.0006790
0.4055000 1.6827647 -0.0006790
0.4060000 1.6841806 -0.0006789
0.4065000 1.6855988 -0.0006789
0.4070000 1.6870194 -0.0006788
0.4075000 1.6884425 -0.0006787
0.4080000 1.6898679 -0.0006787
0.4085000 1.6912957 -0.0006786
0.4090000 1.6927259 -0.0006786
0.4095000 1.6941586 -0.0006785
0.4100000 1.6955937 -0.0006784
0.4105000 1.6970312 -0.0006784
0.4110000 1.6984712 -0.0006783
0.4115000 1.6999136 -0.0006782
0.4120000 1.7013584 -0.0006782
0.4125000 1.7028057 -0.0006781
0.4130000 1.7042555 -0.0006780
0.4135000 1.7057078 -0.0006779
0.4140000 1.7071625 -0.0006778
0.4145000 1.7086197 -0.0006777
0.4150000 1.7100794 -0.0006777
0.4155000 1.7115416 -0.0006776
0.4160000 1.7130062 -0.0006775
0.4165000 1.7144734 -0.0006774
0.4170000 1.7159431 -0.0006773
0.4175000 1.7174154 -0.0006772
0.4180000 1.7188901 -0.0006771
0.4185000 1.7203674 -0.0006770
0.4190000 1.7218473 -0.0006769
0.4195000 1.7233296 -0.0006767
0.4200000 1.7248146 -0.0006766
0.4205000 1.7263021 -0.0006765
0.4210000 1.7277921 -0.0006764
0.4215000 1.7292848 -0.0006763
0.4220000 1.7307800 -0.0006762
0.4225000 1.7322778 -0.0006760
0.4230000 1.7337782 -0.0006759
0.4235000 1.7352811 -0.0006758
0.4240000 1.7367868 -0.0006756
0.4245000 1.7382950 -0.0006755
0.4250000 1.7398058 -0.0006754
0.4255000 1.7413193 -0.0006752
0.4260000 1.7428354 -0.0006751
0.4265000 1.7443541 -0.0006749
0.4270000 1.7458755 -0.0006748
0.4275000 1.7473995 -0.0006746
0.4280000 1.7489262 -0.0006745
0.4285000 1.7504556 -0.0006743
0.4290000 1.7519876 -0.0006742
0.4295000 1.7535224 -0.0006740
0.4300000 1.7550598 -0.0006738
0.4305000 1.7565999 -0.0006737
0.4310000 1.7581427 -0.0006735
0.4315000 1.7596883 -0.0006733
0.4320000 1.7612365 -0.0006731
0.4325000 1.7627875 -0.0006730
0.4330000 1.7643412 -0.0006728
0.4335000 1.7658977 -0.0006726
0.4340000 1.7674569 -0.0006724
0.4345000 1.7690188 -0.0006722
0.4350000 1.7705835 -0.0006720
0.4355000 1.7721510 -0.0006718
0.4360000 1.7737213 -0.0006716
0.4365000 1.7752943 -0.0006714
0.4370000 1.7768701 -0.0006712
0.4375000 1.7784488 -0.0006710
0.4380000 1.7800302 -0.0006708
0.4385000 1.7816145 -0.0006706
0.4390000 1.7832015 -0.0006703
0.4395000 1.7847914 -0.0006701
0.4400000 1.7863842 -0.0006699
0.4405000 1.7879798 -0.0006697
0.4410000 1.7895782 -0.0006694
0.4415000 1.7911795 -0.0006692
0.4420000 1.7927837 -0.0006690
0.4425000 1.7943907 -0.0006687
0.4430000 1.7960006 -0.0006685
0.4435000 1.7976134 -0.0006682
0.4440000 1.7992291 -0.0006680
0.4445000 1.8008477 -0.0006677
0.4450000 1.8024693 -0.0006675
0.4455000 1.8040937 -0.0006672
0.4460000 1.8057211 -0.0006669
0.4465000 1.8073514 -0.0006667
0.4470000 1.8089847 -0.0006664
0.4475000 1.8106209 -0.0006661
0.4480000 1.8122601 -0.0006659
0.4485000 1.8139022 -0.0006656
0.4490000 1.8155473 -0.0006653
0.4495000 1.8171954 -0.0006650
0.4500000 1.8188465 -0.0006647
0.4505000 1.8205006 -0.0006644
0.4510000 1.8221577 -0.0006641
0.4515000 1.8238179 -0.0006638
0.4520000 1.8254810 -0.0006635
0.4525000 1.8271472 -0.0006632
0.4530000 1.8288164 -0.0006629
0.4535000 1.8304887 -0.0006626
0.4540000 1.8321641 -0.0006622
0.4545000 1.8338425 -0.0006619
0.4550000 1.8355240 -0.0006616
0.4555000 1.8372086 -0.0006613
0.4560000 1.8388962 -0.0006609
0.4565000 1.8405870 -0.0006606
0.4570000 1.8422809 -0.0006602
0.4575000 1.8439779 -0.0006599
0.4580000 1.8456780 -0.0006595
0.4585000 1.8473813 -0.0006592
0.4590000 1.8490877 -0.0006588
0.4595000 1.8507972 -0.0006585
0.4600000 1.8525100 -0.0006581
0.4605000 1.8542259 -0.0006577
0.4610000 1.8559449 -0.0006574
0.4615000 1.8576672 -0.0006570
0.4620000 1.8593927 -0.0006566
0.4625000 1.8611213 -0.0006562
0.4630000 1.8628532 -0.0006558
0.4635000 1.8645883 -0.0006554
0.4640000 1.8663267 -0.0006550
0.4645000 1.8680683 -0.0006546
0.4650000 1.8698131 -0.0006542
0.4655000 1.8715612 -0.0006538
0.4660000 1.8733126 -0.0006534
0.4665000 1.8750672 -0.0006530
0.4670000 1.8768252 -0.0006526
0.4675000 1.8785864 -0.0006521
0.4680000 1.8803509 -0.0006517
0.4685000 1.8821188 -0.0006513
0.4690000 1.8838900 -0.0006508
0.4695000 1.8856645 -0.0006504
0.4700000 1.8874424 -0.0006499
0.4705000 1.8892236 -0.0006495
0.4710000 1.8910082 -0.0006490
0.4715000 1.8927961 -0.0006485
0.4720000 1.8945875 -0.0006481
0.4725000 1.8963822 -0.0006476
0.4730000 1.8981803 -0.0006471
0.4735000 1.8999819 -0.0006466
0.4740000 1.9017868 -0.0006462
0.4745000 1.9035952 -0.0006457
0.4750000 1.9054071 -0.0006452
0.4755000 1.9072224 -0.0006447
0.4760000 1.9090411 -0.0006442
0.4765000 1.9108633 -0.0006437
0.4770000 1.9126890 -0.0006431
0.4775000 1.9145182 -0.0006426
0.4780000 1.9163509 -0.0006421
0.4785000 1.9181871 -0.0006416
0.4790000 1.9200268 -0.0006410
0.4795000 1.9218701 -0.0006405
0.4800000 1.9237169 -0.0006400
0.4805000 1.9255672 -0.0006394
0.4810000 1.9274211 -0.0006389
0.4815000 1.9292786 -0.0006383
0.4820000 1.9311397 -0.0006377
0.4825000 1.9330043 -0.0006372
0.4830000 1.9348726 -0.0006366
0.4835000 1.9367444 -0.0006360
0.4840000 1.9386199 -0.0006354
0.4845000 1.9404990 -0.0006348
0.4850000 1.9423818 -0.0006342
0.4855000 1.9442682 -0.0006336
0.4860000 1.9461583 -0.0006330
0.4865000 1.9480521 -0.0006324
0.4870000 1.9499495 -0.0006318
0.4875000 1.9518507 -0.0006312
0.4880000 1.9537556 -0.0006306
0.4885000 1.9556641 -0.0006299
0.4890000 1.9575764 -0.0006293
0.4895000 1.9594925 -0.0006286
0.4900000 1.9614123 -0.0006280
0.4905000 1.9633359 -0.0006273
0.4910000 1.9652632 -0.0006267
0.4915000 1.9671943 -0.0006260
0.4920000 1.9691293 -0.0006253
0.4925000 1.9710680 -0.0006247
0.4930000 1.9730106 -0.0006240
0.4935000 1.9749569 -0.0006233
0.4940000 1.9769072 -0.0006226
0.4945000 1.9788613 -0.0006219
0.4950000 1.9808192 -0.0006212
0.4955000 1.9827810 -0.0006205
0.4960000 1.9847467 -0.0006198
0.4965000 1.9867163 -0.0006190
0.4970000 1.9886899 -0.0006183
0.4975000 1.9906673 -0.0006176
0.4980000 1.9926487 -0.0006168
0.4985000 1.9946340 -0.0006161
0.4990000 1.9966233 -0.0006153
0.4995000 1.9986165 -0.0006145
0.5000000 2.0006138 -0.0006138
0.5005000 2.0026150 -0.0006130
0.5010000 2.0046202 -0.0006122
0.5015000 2.0066295 -0.0006114
0.5020000 2.0086428 -0.0006106
0.5025000 2.0106601 -0.0006098
0.5030000 2.0126815 -0.0006090
0.5035000 2.0147069 -0.0006082
0.5040000 2.0167364 -0.0006074
0.5045000 2.0187701 -0.0006066
0.5050000 2.0208078 -0.0006057
0.5055000 2.0228496 -0.0006049
0.5060000 2.0248956 -0.0006041
0.5065000 2.0269457 -0.0006032
0.5070000 2.0289999 -0.0006023
0.5075000 2.0310583 -0.0006015
0.5080000 2.0331209 -0.0006006
0.5085000 2.0351877 -0.0005997
0.5090000 2.0372587 -0.0005988
0.5095000 2.0393339 -0.0005979
0.5100000 2.0414134 -0.0005970
0.5105000 2.0434971 -0.0005961
0.5110000 2.0455850 -0.0005952
0.5115000 2.0476772 -0.0005943
0.5120000 2.0497737 -0.0005934
0.5125000 2.0518745 -0.0005924
0.5130000 2.0539796 -0.0005915
0.5135000 2.0560890 -0.0005905
0.5140000 2.0582027 -0.0005896
0.5145000 2.0603208 -0.0005886
0.5150000 2.0624433 -0.0005876
0.5155000 2.0645701 -0.0005867
0.5160000 2.0667014 -0.0005857
0.5165000 2.0688370 -0.0005847
0.5170000 2.0709770 -0.0005837
0.5175000 2.0731215 -0.0005826
0.5180000 2.0752704 -0.0005816
0.5185000 2.0774238 -0.0005806
0.5190000 2.0795816 -0.0005796
0.5195000 2.0817440 -0.0005785
0.5200000 2.0839108 -0.0005775
0.5205000 2.0860821 -0.0005764
0.5210000 2.0882580 -0.0005753
0.5215000 2.0904384 -0.0005743
0.5220000 2.0926234 -0.0005732
0.5225000 2.0948129 -0.0005721
0.5230000 2.0970070 -0.0005710
0.5235000 2.0992058 -0.0005699
0.5240000 2.1014091 -0.0005688
0.5245000 2.1036171 -0.0005676
0.5250000 2.1058297 -0.0005665
0.5255000 2.1080469 -0.0005654
0.5260000 2.1102689 -0.0005642
0.5265000 2.1124955 -0.0005631
0.5270000 2.1147268 -0.0005619
0.5275000 2.1169628 -0.0005607
0.5280000 2.1192036 -0.0005595
0.5285000 2.1214491 -0.0005583
0.5290000 2.1236994 -0.0005571
0.5295000 2.1259544 -0.0005559
0.5300000 2.1282143 -0.0005547
0.5305000 2.1304789 -0.0005535
0.5310000 2.1327484 -0.0005522
0.5315000 2.1350227 -0.0005510
0.5320000 2.1373019 -0.0005497
0.5325000 2.1395859 -0.0005484
0.5330000 2.1418748 -0.0005472
0.5335000 2.1441686 -0.0005459
0.5340000 2.1464673 -0.0005446
0.5345000 2.1487710 -0.0005433
0.5350000 2.1510796 -0.0005420
0.5355000 2.1533932 -0.0005407
0.5360000 2.1557117 -0.0005393
0.5365000 2.1580353 -0.0005380
0.5370000 2.1603638 -0.0005366
0.5375000 2.1626974 -0.0005353
0.5380000 2.1650361 -0.0005339
0.5385000 2.1673797 -0.0005325
0.5390000 2.1697285 -0.0005311
0.5395000 2.1720824 -0.0005297
0.5400000 2.1744413 -0.0005283
0.5405000 2.1768054 -0.0005269
0.5410000 2.1791747 -0.0005254
0.5415000 2.1815491 -0.0005240
0.5420000 2.1839287 -0.0005225
0.5425000 2.1863134 -0.0005211
0.5430000 2.1887034 -0.0005196
0.5435000 2.1910986 -0.0005181
0.5440000 2.1934991 -0.0005166
0.5445000 2.1959048 -0.0005151
0.5450000 2.1983158 -0.0005136
0.5455000 2.2007321 -0.0005121
0.5460000 2.2031537 -0.0005105
0.5465000 2.2055807 -0.0005090
0.5470000 2.2080129 -0.0005074
0.5475000 2.2104506 -0.0005059
0.5480000 2.2128937 -0.0005043
0.5485000 2.2153421 -0.0005027
0.5490000 2.2177960 -0.0005011
0.5495000 2.2202553 -0.0004995
0.5500000 2.2227200 -0.0004978
0.5505000 2.2251903 -0.0004962
0.5510000 2.2276660 -0.0004945
0.5515000 2.2301473 -0.0004929
0.5520000 2.2326341 -0.0004912
0.5525000 2.2351264 -0.0004895
0.5530000 2.2376243 -0.0004878
0.5535000 2.2401278 -0.0004861
0.5540000 2.2426368 -0.0004844
0.5545000 2.2451516 -0.0004826
0.5550000 2.2476719 -0.0004809
0.5555000 2.2501979 -0.0004791
0.5560000 2.2527296 -0.0004774
0.5565000 2.2552670 -0.0004756
0.5570000 2.2578101 -0.0004738
0.5575000 2.2603590 -0.0004720
0.5580000 2.2629136 -0.0004701
0.5585000 2.2654740 -0.0004683
0.5590000 2.2680402 -0.0004665
0.5595000 2.2706122 -0.0004646
0.5600000 2.2731900 -0.0004627
0.5605000 2.2757737 -0.0004608
0.5610000 2.2783633 -0.0004589
0.5615000 2.2809587 -0.0004570
0.5620000 2.2835601 -0.0004551
0.5625000 2.2861675 -0.0004532
0.5630000 2.2887807 -0.0004512
0.5635000 2.2914000 -0.0004492
0.5640000 2.2940253 -0.0004473
0.5645000 2.2966565 -0.0004453
0.5650000 2.2992938 -0.0004433
0.5655000 2.3019372 -0.0004412
0.5660000 2.3045867 -0.0004392
0.5665000 2.3072422 -0.0004372
0.5670000 2.3099039 -0.0004351
0.5675000 2.3125717 -0.0004330
0.5680000 2.3152457 -0.0004309
0.5685000 2.3179259 -0.0004288
0.5690000 2.3206123 -0.0004267
0.5695000 2.3233049 -0.0004246
0.5700000 2.3260038 -0.0004224
0.5705000 2.3287090 -0.0004202
0.5710000 2.3314204 -0.0004181
0.5715000 2.3341382 -0.0004159
0.5720000 2.3368623 -0.0004137
0.5725000 2.3395927 -0.0004114
0.5730000 2.3423296 -0.0004092
0.5735000 2.3450728 -0.0004069
0.5740000 2.3478225 -0.0004047
0.5745000 2.3505786 -0.0004024
0.5750000 2.3533412 -0.0004001
0.5755000 2.3561104 -0.0003978
0.5760000 2.3588860 -0.0003954
0.5765000 2.3616682 -0.0003931
0.5770000 2.3644569 -0.0003907
0.5775000 2.3672522 -0.0003883
0.5780000 2.3700542 -0.0003859
0.5785000 2.3728627 -0.0003835
0.5790000 2.3756780 -0.0003811
0.5795000 2.3784999 -0.0003786
0.5800000 2.3813285 -0.0003762
0.5805000 2.3841639 -0.0003737
0.5810000 2.3870060 -0.0003712
0.5815000 2.3898549 -0.0003687
0.5820000 2.3927106 -0.0003661
0.5825000 2.3955732 -0.0003636
0.5830000 2.3984425 -0.0003610
0.5835000 2.4013188 -0.0003584
0.5840000 2.4042020 -0.0003558
0.5845000 2.4070921 -0.0003532
0.5850000 2.4099891 -0.0003506
0.5855000 2.4128931 -0.0003479
0.5860000 2.4158042 -0.0003452
0.5865000 2.4187222 -0.0003425
0.5870000 2.4216473 -0.0003398
0.5875000 2.4245795 -0.0003371
0.5880000 2.4275188 -0.0003343
0.5885000 2.4304652 -0.0003316
0.5890000 2.4334188 -0.0003288
0.5895000 2.4363796 -0.0003260
0.5900000 2.4393475 -0.0003232
0.5905000 2.4423227 -0.0003203
0.5910000 2.4453052 -0.0003174
0.5915000 2.4482950 -0.0003146
0.5920000 2.4512921 -0.0003117
0.5925000 2.4542965 -0.0003087
0.5930000 2.4573083 -0.0003058
0.5935000 2.4603274 -0.0003028
0.5940000 2.4633540 -0.0002999
0.5945000 2.4663881 -0.0002969
0.5950000 2.4694296 -0.0002938
0.5955000 2.4724787 -0.0002908
0.5960000 2.4755353 -0.0002877
0.5965000 2.4785994 -0.0002846
0.5970000 2.4816711 -0.0002815
0.5975000 2.4847505 -0.0002784
0.5980000 2.4878375 -0.0002753
0.5985000 2.4909321 -0.0002721
0.5990000 2.4940345 -0.0002689
0.5995000 2.4971446 -0.0002657
0.6000000 2.5002625 -0.0002625
0.6005000 2.5033881 -0.0002592
0.6010000 2.5065216 -0.0002559
0.6015000 2.5096629 -0.0002526
0.6020000 2.5128121 -0.0002493
0.6025000 2.5159692 -0.0002460
0.6030000 2.5191343 -0.0002426
0.6035000 2.5223073 -0.0002392
0.6040000 2.5254883 -0.0002358
0.6045000 2.5286774 -0.0002324
0.6050000 2.5318745 -0.0002289
0.6055000 2.5350797 -0.0002254
0.6060000 2.5382930 -0.0002219
0.6065000 2.5415144 -0.0002184
0.6070000 2.5447441 -0.0002148
0.6075000 2.5479820 -0.0002113
0.6080000 2.5512281 -0.0002077
0.6085000 2.5544824 -0.0002040
0.6090000 2.5577451 -0.0002004
0.6095000 2.5610162 -0.0001967
0.6100000 2.5642956 -0.0001930
0.6105000 2.5675834 -0.0001893
0.6110000 2.5708796 -0.0001855
0.6115000 2.5741843 -0.0001818
0.6120000 2.5774975 -0.0001780
0.6125000 2.5808193 -0.0001741
0.6130000 2.5841496 -0.0001703
0.6135000 2.5874885 -0.0001664
0.6140000 2.5908361 -0.0001625
0.6145000 2.5941923 -0.0001586
0.6150000 2.5975572 -0.0001546
0.6155000 2.6009308 -0.0001506
0.6160000 2.6043133 -0.0001466
0.6165000 2.6077045 -0.0001426
0.6170000 2.6111046 -0.0001385
0.6175000 2.6145135 -0.0001344
0.6180000 2.6179313 -0.0001303
0.6185000 2.6213581 -0.0001261
0.6190000 2.6247939 -0.0001220
0.6195000 2.6282386 -0.0001177
0.6200000 2.6316925 -0.0001135
0.6205000 2.6351554 -0.0001092
0.6210000 2.6386274 -0.0001050
0.6215000 2.6421086 -0.0001006
0.6220000 2.6455989 -0.0000963
0.6225000 2.6490985 -0.0000919
0.6230000 2.6526074 -0.0000875
0.6235000 2.6561255 -0.0000831
0.6240000 2.6596531 -0.0000786
0.6245000 2.6631899 -0.0000741
0.6250000 2.6667362 -0.0000696
0.6255000 2.6702920 -0.0000650
0.6260000 2.6738572 -0.0000604
0.6265000 2.6774319 -0.0000558
0.6270000 2.6810163 -0.0000511
0.6275000 2.6846102 -0.0000464
0.6280000 2.6882138 -0.0000417
0.6285000 2.6918270 -0.0000370
0.6290000 2.6954500 -0.0000322
0.6295000 2.6990827 -0.0000274
0.6300000 2.7027252 -0.0000225
0.6305000 2.7063776 -0.0000176
0.6310000 2.7100398 -0.0000127
0.6315000 2.7137120 -0.0000078
0.6320000 2.7173941 -0.0000028
0.6325000 2.7210862 0.0000022
0.6330000 2.7247884 0.0000073
0.6335000 2.7285006 0.0000124
0.6340000 2.7322230 0.0000175
0.6345000 2.7359555 0.0000226
0.6350000 2.7396982 0.0000278
0.6355000 2.7434512 0.0000330
0.6360000 2.7472144 0.0000383
0.6365000 2.7509880 0.0000436
0.6370000 2.7547720 0.0000489
0.6375000 2.7585664 0.0000543
0.6380000 2.7623712 0.0000597
0.6385000 2.7661866 0.0000652
0.6390000 2.7700125 0.0000706
0.6395000 2.7738490 0.0000761
0.6400000 2.7776961 0.0000817
0.6405000 2.7815539 0.0000873
0.6410000 2.7854224 0.0000929
0.6415000 2.7893017 0.0000986
0.6420000 2.7931918 0.0001043
0.6425000 2.7970927 0.0001101
0.6430000 2.8010046 0.0001158
0.6435000 2.8049274 0.0001217
0.6440000 2.8088612 0.0001275
0.6445000 2.8128061 0.0001334
0.6450000 2.8167620 0.0001394
0.6455000 2.8207291 0.0001454
0.6460000 2.8247074 0.0001514
0.6465000 2.8286968 0.0001575
0.6470000 2.8326976 0.0001636
0.6475000 2.8367097 0.0001697
0.6480000 2.8407331 0.0001759
0.6485000 2.8447680 0.0001822
0.6490000 2.8488144 0.0001885
0.6495000 2.8528723 0.0001948
0.6500000 2.8569417 0.0002012
0.6505000 2.8610228 0.0002076
0.6510000 2.8651155 0.0002140
0.6515000 2.8692199 0.0002205
0.6520000 2.8733361 0.0002271
0.6525000 2.8774642 0.0002337
0.6530000 2.8816041 0.0002403
0.6535000 2.8857559 0.0002470
0.6540000 2.8899197 0.0002537
0.6545000 2.8940955 0.0002605
0.6550000 2.8982834 0.0002673
0.6555000 2.9024834 0.0002742
0.6560000 2.9066956 0.0002811
0.6565000 2.9109201 0.0002881
0.6570000 2.9151568 0.0002951
0.6575000 2.9194059 0.0003022
0.6580000 2.9236673 0.0003093
0.6585000 2.9279412 0.0003164
0.6590000 2.9322277 0.0003237
0.6595000 2.9365266 0.0003309
0.6600000 2.9408382 0.0003382
0.6605000 2.9451625 0.0003456
0.6610000 2.9494995 0.0003530
0.6615000 2.9538493 0.0003605
0.6620000 2.9582119 0.0003680
0.6625000 2.9625874 0.0003756
0.6630000 2.9669758 0.0003832
0.6635000 2.9713773 0.0003909
0.6640000 2.9757919 0.0003986
0.6645000 2.9802195 0.0004064
0.6650000 2.9846604 0.0004142
0.6655000 2.9891145 0.0004221
0.6660000 2.9935819 0.0004301
0.6665000 2.9980626 0.0004381
0.6670000 3.0025568 0.0004462
0.6675000 3.0070645 0.0004543
0.6680000 3.0115857 0.0004625
0.6685000 3.0161206 0.0004707
0.6690000 3.0206690 0.0004790
0.6695000 3.0252313 0.0004873
0.6700000 3.0298073 0.0004958
0.6705000 3.0343971 0.0005042
0.6710000 3.0390009 0.0005127
0.6715000 3.0436187 0.0005213
0.6720000 3.0482505 0.0005300
0.6725000 3.0528964 0.0005387
0.6730000 3.0575565 0.0005475
0.6735000 3.0622308 0.0005563
0.6740000 3.0669195 0.0005652
0.6745000 3.0716225 0.0005742
0.6750000 3.0763399 0.0005832
0.6755000 3.0810718 0.0005923
0.6760000 3.0858183 0.0006014
0.6765000 3.0905795 0.0006106
0.6770000 3.0953553 0.0006199
0.6775000 3.1001459 0.0006293
0.6780000 3.1049514 0.0006387
0.6785000 3.1097717 0.0006482
0.6790000 3.1146071 0.0006577
0.6795000 3.1194575 0.0006673
0.6800000 3.1243230 0.0006770
0.6805000 3.1292037 0.0006868
0.6810000 3.1340996 0.0006966
0.6815000 3.1390109 0.0007065
0.6820000 3.1439376 0.0007165
0.6825000 3.1488798 0.0007265
0.6830000 3.1538375 0.0007366
0.6835000 3.1588108 0.0007468
0.6840000 3.1637999 0.0007571
0.6845000 3.1688047 0.0007674
0.6850000 3.1738254 0.0007778
0.6855000 3.1788619 0.0007883
0.6860000 3.1839145 0.0007988
0.6865000 3.1889832 0.0008095
0.6870000 3.1940680 0.0008202
0.6875000 3.1991690 0.0008310
0.6880000 3.2042864 0.0008418
0.6885000 3.2094201 0.0008528
0.6890000 3.2145703 0.0008638
0.6895000 3.2197370 0.0008749
0.6900000 3.2249204 0.0008861
0.6905000 3.2301204 0.0008974
0.6910000 3.2353373 0.0009087
0.6915000 3.2405710 0.0009201
0.6920000 3.2458216 0.0009316
0.6925000 3.2510893 0.0009432
0.6930000 3.2563741 0.0009549
0.6935000 3.2616761 0.0009667
0.6940000 3.2669953 0.0009785
0.6945000 3.2723320 0.0009905
0.6950000 3.2776860 0.0010025
0.6955000 3.2830577 0.0010146
0.6960000 3.2884469 0.0010268
0.6965000 3.2938538 0.0010391
0.6970000 3.2992786 0.0010515
0.6975000 3.3047212 0.0010639
0.6980000 3.3101818 0.0010765
0.6985000 3.3156604 0.0010892
0.6990000 3.3211572 0.0011019
0.6995000 3.3266723 0.0011147
0.7000000 3.3322056 0.0011277
0.7005000 3.3377574 0.0011407
0.7010000 3.3433278 0.0011538
0.7015000 3.3489167 0.0011671
0.7020000 3.3545243 0.0011804
0.7025000 3.3601507 0.0011938
0.7030000 3.3657960 0.0012073
0.7035000 3.3714603 0.0012210
0.7040000 3.3771437 0.0012347
0.7045000 3.3828462 0.0012485
0.7050000 3.3885681 0.0012624
0.7055000 3.3943093 0.0012765
0.7060000 3.4000699 0.0012906
0.7065000 3.4058502 0.0013049
0.7070000 3.4116501 0.0013192
0.7075000 3.4174697 0.0013337
0.7080000 3.4233093 0.0013482
0.7085000 3.4291688 0.0013629
0.7090000 3.4350484 0.0013777
0.7095000 3.4409482 0.0013926
0.7100000 3.4468683 0.0014076
0.7105000 3.4528087 0.0014227
0.7110000 3.4587697 0.0014380
0.7115000 3.4647512 0.0014533
0.7120000 3.4707534 0.0014688
0.7125000 3.4767765 0.0014844
0.7130000 3.4828205 0.0015001
0.7135000 3.4888855 0.0015159
0.7140000 3.4949717 0.0015318
0.7145000 3.5010791 0.0015479
0.7150000 3.5072079 0.0015641
0.7155000 3.5133581 0.0015804
0.7160000 3.5195300 0.0015968
0.7165000 3.5257235 0.0016133
0.7170000 3.5319389 0.0016300
0.7175000 3.5381762 0.0016468
0.7180000 3.5444355 0.0016638
0.7185000 3.5507170 0.0016808
0.7190000 3.5570208 0.0016980
0.7195000 3.5633470 0.0017154
0.7200000 3.5696957 0.0017328
0.7205000 3.5760671 0.0017504
0.7210000 3.5824612 0.0017682
0.7215000 3.5888783 0.0017860
0.7220000 3.5953183 0.0018040
0.7225000 3.6017814 0.0018222
0.7230000 3.6082678 0.0018405
0.7235000 3.6147776 0.0018589
0.7240000 3.6213110 0.0018775
0.7245000 3.6278679 0.0018962
0.7250000 3.6344486 0.0019150
0.7255000 3.6410532 0.0019340
0.7260000 3.6476819 0.0019532
0.7265000 3.6543346 0.0019725
0.7270000 3.6610117 0.0019919
0.7275000 3.6677132 0.0020115
0.7280000 3.6744393 0.0020313
0.7285000 3.6811900 0.0020512
0.7290000 3.6879656 0.0020713
0.7295000 3.6947662 0.0020915
0.7300000 3.7015918 0.0021119
0.7305000 3.7084427 0.0021324
0.7310000 3.7153190 0.0021531
0.7315000 3.7222208 0.0021740
0.7320000 3.7291482 0.0021950
0.7325000 3.7361015 0.0022162
0.7330000 3.7430807 0.0022376
0.7335000 3.7500861 0.0022591
0.7340000 3.7571176 0.0022809
0.7345000 3.7641756 0.0023027
0.7350000 3.7712601 0.0023248
0.7355000 3.7783713 0.0023470
0.7360000 3.7855094 0.0023694
0.7365000 3.7926744 0.0023920
0.7370000 3.7998666 0.0024148
0.7375000 3.8070861 0.0024377
0.7380000 3.8143330 0.0024609
0.7385000 3.8216076 0.0024842
0.7390000 3.8289100 0.0025077
0.7395000 3.8362402 0.0025314
0.7400000 3.8435986 0.0025552
0.7405000 3.8509852 0.0025793
0.7410000 3.8584003 0.0026036
0.7415000 3.8658439 0.0026281
0.7420000 3.8733163 0.0026527
0.7425000 3.8808176 0.0026776
0.7430000 3.8883479 0.0027027
0.7435000 3.8959076 0.0027279
0.7440000 3.9034966 0.0027534
0.7445000 3.9111152 0.0027791
0.7450000 3.9187637 0.0028050
0.7455000 3.9264420 0.0028311
0.7460000 3.9341505 0.0028574
0.7465000 3.9418893 0.0028839
0.7470000 3.9496585 0.0029107
0.7475000 3.9574584 0.0029376
0.7480000 3.9652891 0.0029648
0.7485000 3.9731509 0.0029922
0.7490000 3.9810439 0.0030199
0.7495000 3.9889682 0.0030478
0.7500000 3.9969242 0.0030758
0.7505000 4.0049119 0.0031042
0.7510000 4.0129315 0.0031327
0.7515000 4.0209833 0.0031615
0.7520000 4.0290675 0.0031906
0.7525000 4.0371842 0.0032199
0.7530000 4.0453336 0.0032494
0.7535000 4.0535160 0.0032792
0.7540000 4.0617315 0.0033092
0.7545000 4.0699803 0.0033395
0.7550000 4.0782627 0.0033700
0.7555000 4.0865788 0.0034008
0.7560000 4.0949288 0.0034318
0.7565000 4.1033131 0.0034631
0.7570000 4.1117316 0.0034947
0.7575000 4.1201848 0.0035265
0.7580000 4.1286728 0.0035586
0.7585000 4.1371957 0.0035910
0.7590000 4.1457539 0.0036237
0.7595000 4.1543476 0.0036566
0.7600000 4.1629769 0.0036898
0.7605000 4.1716421 0.0037233
0.7610000 4.1803434 0.0037571
0.7615000 4.1890810 0.0037911
0.7620000 4.1978552 0.0038255
0.7625000 4.2066662 0.0038601
0.7630000 4.2155142 0.0038951
0.7635000 4.2243995 0.0039303
0.7640000 4.2333223 0.0039659
0.7645000 4.2422828 0.0040017
0.7650000 4.2512813 0.0040379
0.7655000 4.2603180 0.0040744
0.7660000 4.2693931 0.0041112
0.7665000 4.2785070 0.0041483
0.7670000 4.2876598 0.0041857
0.7675000 4.2968518 0.0042235
0.7680000 4.3060833 0.0042616
0.7685000 4.3153544 0.0043000
0.7690000 4.3246656 0.0043388
0.7695000 4.3340169 0.0043779
0.7700000 4.3434088 0.0044173
0.7705000 4.3528414 0.0044571
0.7710000 4.3623150 0.0044972
0.7715000 4.3718299 0.0045377
0.7720000 4.3813864 0.0045786
0.7725000 4.3909846 0.0046198
0.7730000 4.4006250 0.0046613
0.7735000 4.4103077 0.0047033
0.7740000 4.4200332 0.0047456
0.7745000 4.4298015 0.0047883
0.7750000 4.4396131 0.0048314
0.7755000 4.4494682 0.0048748
0.7760000 4.4593670 0.0049187
0.7765000 4.4693100 0.0049629
0.7770000 4.4792974 0.0050076
0.7775000 4.4893294 0.0050526
0.7780000 4.4994065 0.0050980
0.7785000 4.5095288 0.0051439
0.7790000 4.5196967 0.0051902
0.7795000 4.5299106 0.0052368
0.7800000 4.5401706 0.0052839
0.7805000 4.5504772 0.0053315
0.7810000 4.5608306 0.0053794
0.7815000 4.5712312 0.0054279
0.7820000 4.5816793 0.0054767
0.7825000 4.5921752 0.0055260
0.7830000 4.6027192 0.0055757
0.7835000 4.6133117 0.0056259
0.7840000 4.6239530 0.0056766
0.7845000 4.6346435 0.0057277
0.7850000 4.6453835 0.0057793
0.7855000 4.6561732 0.0058314
0.7860000 4.6670132 0.0058840
0.7865000 4.6779037 0.0059370
0.7870000 4.6888451 0.0059906
0.7875000 4.6998378 0.0060446
0.7880000 4.7108820 0.0060991
0.7885000 4.7219782 0.0061542
0.7890000 4.7331267 0.0062098
0.7895000 4.7443280 0.0062658
0.7900000 4.7555823 0.0063225
0.7905000 4.7668901 0.0063796
0.7910000 4.7782517 0.0064373
0.7915000 4.7896676 0.0064955
0.7920000 4.8011380 0.0065543
0.7925000 4.8126635 0.0066136
0.7930000 4.8242443 0.0066735
0.7935000 4.8358810 0.0067340
0.7940000 4.8475739 0.0067951
0.7945000 4.8593234 0.0068567
0.7950000 4.8711299 0.0069189
0.7955000 4.8829938 0.0069817
0.7960000 4.8949156 0.0070451
0.7965000 4.9068957 0.0071092
0.7970000 4.9189346 0.0071738
0.7975000 4.9310325 0.0072391
0.7980000 4.9431901 0.0073050
0.7985000 4.9554076 0.0073715
0.7990000 4.9676857 0.0074387
0.7995000 4.9800246 0.0075066
0.8000000 4.9924249 0.0075751
0.8005000 5.0048871 0.0076443
0.8010000 5.0174115 0.0077141
0.8015000 5.0299987 0.0077846
0.8020000 5.0426492 0.0078559
0.8025000 5.0553633 0.0079278
0.8030000 5.0681417 0.0080005
0.8035000 5.0809847 0.0080738
0.8040000 5.0938929 0.0081479
0.8045000 5.1068668 0.0082227
0.8050000 5.1199068 0.0082983
0.8055000 5.1330136 0.0083746
0.8060000 5.1461875 0.0084517
0.8065000 5.1594291 0.0085296
0.8070000 5.1727389 0.0086082
0.8075000 5.1861176 0.0086876
0.8080000 5.1995655 0.0087679
0.8085000 5.2130832 0.0088489
0.8090000 5.2266713 0.0089308
0.8095000 5.2403304 0.0090135
0.8100000 5.2540609 0.0090970
0.8105000 5.2678635 0.0091814
0.8110000 5.2817387 0.0092666
0.8115000 5.2956871 0.0093527
0.8120000 5.3097092 0.0094397
0.8125000 5.3238057 0.0095276
0.8130000 5.3379772 0.0096164
0.8135000 5.3522242 0.0097061
0.8140000 5.3665473 0.0097968
0.8145000 5.3809472 0.0098883
0.8150000 5.3954245 0.0099809
0.8155000 5.4099798 0.0100744
0.8160000 5.4246138 0.0101688
0.8165000 5.4393270 0.0102643
0.8170000 5.4541201 0.0103607
0.8175000 5.4689938 0.0104582
0.8180000 5.4839488 0.0105567
0.8185000 5.4989856 0.0106562
0.8190000 5.5141051 0.0107568
0.8195000 5.5293077 0.0108585
0.8200000 5.5445944 0.0109612
0.8205000 5.5599656 0.0110650
0.8210000 5.5754222 0.0111699
0.8215000 5.5909649 0.0112760
0.8220000 5.6065943 0.0113832
0.8225000 5.6223113 0.0114915
0.8230000 5.6381165 0.0116010
0.8235000 5.6540107 0.0117117
0.8240000 5.6699946 0.0118236
0.8245000 5.6860690 0.0119367
0.8250000 5.7022347 0.0120510
0.8255000 5.7184924 0.0121666
0.8260000 5.7348430 0.0122834
0.8265000 5.7512872 0.0124015
0.8270000 5.7678259 0.0125209
0.8275000 5.7844598 0.0126417
0.8280000 5.8011898 0.0127637
0.8285000 5.8180167 0.0128871
0.8290000 5.8349413 0.0130119
0.8295000 5.8519646 0.0131380
0.8300000 5.8690873 0.0132656
0.8305000 5.8863104 0.0133946
0.8310000 5.9036348 0.0135250
0.8315000 5.9210612 0.0136569
0.8320000 5.9385907 0.0137903
0.8325000 5.9562241 0.0139251
0.8330000 5.9739624 0.0140615
0.8335000 5.9918065 0.0141995
0.8340000 6.0097574 0.0143390
0.8345000 6.0278160 0.0144801
0.8350000 6.0459833 0.0146228
0.8355000 6.0642602 0.0147671
0.8360000 6.0826479 0.0149131
0.8365000 6.1011472 0.0150608
0.8370000 6.1197592 0.0152102
0.8375000 6.1384849 0.0153613
0.8380000 6.1573254 0.0155141
0.8385000 6.1762817 0.0156687
0.8390000 6.1953550 0.0158252
0.8395000 6.2145462 0.0159834
0.8400000 6.2338565 0.0161435
0.8405000 6.2532869 0.0163055
0.8410000 6.2728387 0.0164694
0.8415000 6.2925130 0.0166353
0.8420000 6.3123109 0.0168031
0.8425000 6.3322335 0.0169729
0.8430000 6.3522821 0.0171447
0.8435000 6.3724578 0.0173185
0.8440000 6.3927619 0.0174945
0.8445000 6.4131956 0.0176725
0.8450000 6.4337602 0.0178527
0.8455000 6.4544568 0.0180351
0.8460000 6.4752868 0.0182197
0.8465000 6.4962515 0.0184065
0.8470000 6.5173521 0.0185956
0.8475000 6.5385901 0.0187870
0.8480000 6.5599666 0.0189807
0.8485000 6.5814832 0.0191768
0.8490000 6.6031412 0.0193754
0.8495000 6.6249419 0.0195763
0.8500000 6.6468869 0.0197798
0.8505000 6.6689774 0.0199858
0.8510000 6.6912150 0.0201944
0.8515000 6.7136012 0.0204055
0.8520000 6.7361374 0.0206193
0.8525000 6.7588252 0.0208358
0.8530000 6.7816661 0.0210550
0.8535000 6.8046616 0.0212770
0.8540000 6.8278133 0.0215018
0.8545000 6.8511228 0.0217294
0.8550000 6.8745917 0.0219600
0.8555000 6.8982217 0.0221935
0.8560000 6.9220145 0.0224300
0.8565000 6.9459716 0.0226695
0.8570000 6.9700949 0.0229121
0.8575000 6.9943860 0.0231579
0.8580000 7.0188467 0.0234068
0.8585000 7.0434788 0.0236590
0.8590000 7.0682841 0.0239145
0.8595000 7.0932644 0.0241733
0.8600000 7.1184216 0.0244355
0.8605000 7.1437576 0.0247012
0.8610000 7.1692742 0.0249704
0.8615000 7.1949735 0.0252431
0.8620000 7.2208573 0.0255195
0.8625000 7.2469277 0.0257996
0.8630000 7.2731867 0.0260834
0.8635000 7.2996363 0.0263710
0.8640000 7.3262786 0.0266626
0.8645000 7.3531158 0.0269580
0.8650000 7.3801500 0.0272574
0.8655000 7.4073833 0.0275610
0.8660000 7.4348179 0.0278686
0.8665000 7.4624562 0.0281805
0.8670000 7.4903003 0.0284967
0.8675000 7.5183526 0.0288172
0.8680000 7.5466154 0.0291421
0.8685000 7.5750911 0.0294716
0.8690000 7.6037821 0.0298057
0.8695000 7.6326909 0.0301444
0.8700000 7.6618199 0.0304878
0.8705000 7.6911716 0.0308361
0.8710000 7.7207487 0.0311893
0.8715000 7.7505537 0.0315475
0.8720000 7.7805892 0.0319108
0.8725000 7.8108580 0.0322793
0.8730000 7.8413627 0.0326530
0.8735000 7.8721062 0.0330321
0.8740000 7.9030912 0.0334167
0.8745000 7.9343207 0.0338068
0.8750000 7.9657974 0.0342026
0.8755000 7.9975244 0.0346042
0.8760000 8.0295046 0.0350116
0.8765000 8.0617410 0.0354250
0.8770000 8.0942369 0.0358444
0.8775000 8.1269952 0.0362701
0.8780000 8.1600192 0.0367021
0.8785000 8.1933122 0.0371405
0.8790000 8.2268774 0.0375855
0.8795000 8.2607181 0.0380371
0.8800000 8.2948378 0.0384955
0.8805000 8.3292400 0.0389608
0.8810000 8.3639281 0.0394332
0.8815000 8.3989058 0.0399128
0.8820000 8.4341766 0.0403997
0.8825000 8.4697443 0.0408940
0.8830000 8.5056125 0.0413960
0.8835000 8.5417853 0.0419057
0.8840000 8.5782663 0.0424233
0.8845000 8.6150596 0.0429490
0.8850000 8.6521693 0.0434829
0.8855000 8.6895993 0.0440252
0.8860000 8.7273538 0.0445760
0.8865000 8.7654372 0.0451355
0.8870000 8.8038536 0.0457039
0.8875000 8.8426076 0.0462813
0.8880000 8.8817034 0.0468680
0.8885000 8.9211457 0.0474641
0.8890000 8.9609392 0.0480698
0.8895000 9.0010884 0.0486854
0.8900000 9.0415982 0.0493109
0.8905000 9.0824734 0.0499467
0.8910000 9.1237191 0.0505928
0.8915000 9.1653402 0.0512496
0.8920000 9.2073419 0.0519173
0.8925000 9.2497295 0.0525961
0.8930000 9.2925083 0.0532861
0.8935000 9.3356836 0.0539877
0.8940000 9.3792611 0.0547012
0.8945000 9.4232464 0.0554266
0.8950000 9.4676452 0.0561644
0.8955000 9.5124633 0.0569147
0.8960000 9.5577068 0.0576778
0.8965000 9.6033817 0.0584541
0.8970000 9.6494942 0.0592437
0.8975000 9.6960505 0.0600470
0.8980000 9.7430572 0.0608644
0.8985000 9.7905208 0.0616959
0.8990000 9.8384479 0.0625422
0.8995000 9.8868455 0.0634033
0.9000000 9.9357203 0.0642797
