0.0000000 1.0000000 1.0100000
0.0100000 1.0100000 1.0202010
0.0200000 1.0202010 1.0306091
0.0300000 1.0306091 1.0412307
0.0400000 1.0412307 1.0520723
0.0500000 1.0520723 1.0631408
0.0600000 1.0631408 1.0744435
0.0700000 1.0744435 1.0859878
0.0800000 1.0859878 1.0977815
0.0900000 1.0977815 1.1098327
0.1000000 1.1098327 1.1221500
0.1100000 1.1221500 1.1347422
0.1200000 1.1347422 1.1476186
0.1300000 1.1476186 1.1607889
0.1400000 1.1607889 1.1742632
0.1500000 1.1742632 1.1880522
0.1600000 1.1880522 1.2021668
0.1700000 1.2021668 1.2166189
0.1800000 1.2166189 1.2314205
0.1900000 1.2314205 1.2465845
0.2000000 1.2465845 1.2621242
0.2100000 1.2621242 1.2780538
0.2200000 1.2780538 1.2943880
0.2300000 1.2943880 1.3111424
0.2400000 1.3111424 1.3283333
0.2500000 1.3283333 1.3459780
0.2600000 1.3459780 1.3640946
0.2700000 1.3640946 1.3827021
0.2800000 1.3827021 1.4018208
0.2900000 1.4018208 1.4214718
0.3000000 1.4214718 1.4416776
0.3100000 1.4416776 1.4624620
0.3200000 1.4624620 1.4838499
0.3300000 1.4838499 1.5058680
0.3400000 1.5058680 1.5285444
0.3500000 1.5285444 1.5519089
0.3600000 1.5519089 1.5759931
0.3700000 1.5759931 1.6008307
0.3800000 1.6008307 1.6264572
0.3900000 1.6264572 1.6529109
0.4000000 1.6529109 1.6802320
0.4100000 1.6802320 1.7084638
0.4200000 1.7084638 1.7376523
0.4300000 1.7376523 1.7678467
0.4400000 1.7678467 1.7990995
0.4500000 1.7990995 1.8314671
0.4600000 1.8314671 1.8650098
0.4700000 1.8650098 1.8997924
0.4800000 1.8997924 1.9358845
0.4900000 1.9358845 1.9733610
0.5000000 1.9733610 2.0123025
0.5100000 2.0123025 2.0527961
0.5200000 2.0527961 2.0949359
0.5300000 2.0949359 2.1388234
0.5400000 2.1388234 2.1845691
0.5500000 2.1845691 2.2322925
0.5600000 2.2322925 2.2821238
0.5700000 2.2821238 2.3342047
0.5800000 2.3342047 2.3886898
0.5900000 2.3886898 2.4457482
0.6000000 2.4457482 2.5055650
0.6100000 2.5055650 2.5683436
0.6200000 2.5683436 2.6343075
0.6300000 2.6343075 2.7037032
0.6400000 2.7037032 2.7768034
0.6500000 2.7768034 2.8539097
0.6600000 2.8539097 2.9353577
0.6700000 2.9353577 3.0215210
0.6800000 3.0215210 3.1128169
0.6900000 3.1128169 3.2097132
0.7000000 3.2097132 3.3127357
0.7100000 3.3127357 3.4224779
0.7200000 3.4224779 3.5396115
0.7300000 3.5396115 3.6649000
0.7400000 3.6649000 3.7992149
0.7500000 3.7992149 3.9435552
0.7600000 3.9435552 4.0990715
0.7700000 4.0990715 4.2670954
0.7800000 4.2670954 4.4491764
0.7900000 4.4491764 4.6471281
0.8000000 4.6471281 4.8630861
0.8100000 4.8630861 5.0995822
0.8200000 5.0995822 5.3596396
0.8300000 5.3596396 5.6468969
0.8400000 5.6468969 5.9657714
0.8500000 5.9657714 6.3216757
0.8600000 6.3216757 6.7213115
0.8700000 6.7213115 7.1730718
0.8800000 7.1730718 7.6876013
0.8900000 7.6876013 8.2785935
