0.000000	0.000000
0.000050	0.010000
0.000200	0.020000
0.000450	0.030000
0.000800	0.040000
0.001250	0.050000
0.001799	0.060000
0.002448	0.070000
0.003197	0.080000
0.004046	0.090000
0.004993	0.100000
0.006040	0.110000
0.007186	0.120000
0.008430	0.130000
0.009774	0.140000
0.011215	0.150000
0.012755	0.160000
0.014393	0.170000
0.016128	0.180000
0.017961	0.190000
0.019891	0.200000
0.021917	0.210000
0.024040	0.220000
0.026259	0.230000
0.028574	0.240000
0.030984	0.250000
0.033489	0.260000
0.036088	0.270000
0.038781	0.280000
0.041568	0.290000
0.044449	0.300000
0.047421	0.310000
0.050487	0.320000
0.053643	0.330000
0.056891	0.340000
0.060230	0.350000
0.063658	0.360000
0.067177	0.370000
0.070784	0.380000
0.074479	0.390000
0.078262	0.400000
0.082133	0.410000
0.086089	0.420000
0.090132	0.430000
0.094259	0.440000
0.098471	0.450000
0.102767	0.460000
0.107146	0.470000
0.111607	0.480000
0.116150	0.490000
0.120773	0.500000
0.125477	0.510000
0.130260	0.520000
0.135121	0.530000
0.140060	0.540000
0.145075	0.550000
0.150167	0.560000
0.155334	0.570000
0.160575	0.580000
0.165889	0.590000
0.171276	0.600000
0.176734	0.610000
0.182263	0.620000
0.187862	0.630000
0.193530	0.640000
0.199265	0.650000
0.205067	0.660000
0.210935	0.670000
0.216868	0.680000
0.222865	0.690000
0.228925	0.700000
0.235046	0.710000
0.241229	0.720000
0.247471	0.730000
0.253771	0.740000
0.260130	0.750000
0.266545	0.760000
0.273015	0.770000
0.279540	0.780000
0.286117	0.790000
0.292747	0.800000
0.299428	0.810000
0.306159	0.820000
0.312938	0.830000
0.319765	0.840000
0.326638	0.850000
0.333556	0.860000
0.340518	0.870000
0.347522	0.880000
0.354569	0.890000
0.361655	0.900000
0.368780	0.910000
0.375943	0.920000
0.383143	0.930000
0.390378	0.940000
0.397647	0.950000
0.404949	0.960000
0.412282	0.970000
0.419645	0.980000
0.427037	0.990000
0.434457	1.000000
0.441903	1.010000
0.449373	1.020000
0.456868	1.030000
0.464384	1.040000
0.471922	1.050000
0.479479	1.060000
0.487054	1.070000
0.494646	1.080000
0.502253	1.090000
0.509875	1.100000
0.517509	1.110000
0.525155	1.120000
0.532811	1.130000
0.540475	1.140000
0.548146	1.150000
0.555824	1.160000
0.563505	1.170000
0.571190	1.180000
0.578876	1.190000
0.586562	1.200000
0.594247	1.210000
0.601929	1.220000
0.609607	1.230000
0.617279	1.240000
0.624944	1.250000
0.632601	1.260000
0.640248	1.270000
0.647884	1.280000
0.655507	1.290000
0.663115	1.300000
0.670708	1.310000
0.678284	1.320000
0.685841	1.330000
0.693378	1.340000
0.700894	1.350000
0.708386	1.360000
0.715854	1.370000
0.723297	1.380000
0.730712	1.390000
0.738098	1.400000
0.745454	1.410000
0.752778	1.420000
0.760070	1.430000
0.767326	1.440000
0.774547	1.450000
0.781730	1.460000
0.788873	1.470000
0.795977	1.480000
0.803039	1.490000
0.810057	1.500000
0.817031	1.510000
0.823958	1.520000
0.830838	1.530000
0.837668	1.540000
0.844448	1.550000
0.851177	1.560000
0.857851	1.570000
0.864471	1.580000
0.871035	1.590000
0.877541	1.600000
0.883988	1.610000
0.890374	1.620000
0.896699	1.630000
0.902960	1.640000
0.909157	1.650000
0.915287	1.660000
0.921350	1.670000
0.927344	1.680000
0.933268	1.690000
0.939120	1.700000
0.944899	1.710000
0.950604	1.720000
0.956233	1.730000
0.961785	1.740000
0.967259	1.750000
0.972653	1.760000
0.977966	1.770000
0.983196	1.780000
0.988343	1.790000
0.993405	1.800000
0.998381	1.810000
1.003269	1.820000
1.008068	1.830000
1.012777	1.840000
1.017394	1.850000
1.021919	1.860000
1.026350	1.870000
1.030686	1.880000
1.034925	1.890000
1.039067	1.900000
1.043110	1.910000
1.047053	1.920000
1.050894	1.930000
1.054634	1.940000
1.058269	1.950000
1.061800	1.960000
1.065225	1.970000
1.068543	1.980000
1.071753	1.990000
1.074854	2.000000
1.077844	2.010000
1.080722	2.020000
1.083488	2.030000
1.086141	2.040000
1.088678	2.050000
1.091100	2.060000
1.093405	2.070000
1.095593	2.080000
1.097661	2.090000
1.099609	2.100000
1.101437	2.110000
1.103143	2.120000
1.104726	2.130000
1.106185	2.140000
1.107519	2.150000
1.108728	2.160000
1.109811	2.170000
1.110766	2.180000
1.111592	2.190000
1.112290	2.200000
1.112857	2.210000
1.113294	2.220000
1.113598	2.230000
1.113771	2.240000
1.113810	2.250000
1.113715	2.260000
1.113485	2.270000
1.113119	2.280000
1.112617	2.290000
1.111978	2.300000
1.111201	2.310000
1.110286	2.320000
1.109232	2.330000
1.108037	2.340000
1.106703	2.350000
1.105227	2.360000
1.103609	2.370000
1.101849	2.380000
1.099946	2.390000
1.097900	2.400000
1.095710	2.410000
1.093375	2.420000
1.090895	2.430000
1.088270	2.440000
1.085499	2.450000
1.082581	2.460000
1.079516	2.470000
1.076304	2.480000
1.072944	2.490000
1.069435	2.500000
1.065779	2.510000
1.061973	2.520000
1.058018	2.530000
1.053914	2.540000
1.049659	2.550000
1.045255	2.560000
1.040700	2.570000
1.035994	2.580000
1.031137	2.590000
1.026130	2.600000
1.020970	2.610000
1.015660	2.620000
1.010197	2.630000
1.004583	2.640000
0.998817	2.650000
0.992898	2.660000
0.986828	2.670000
0.980605	2.680000
0.974230	2.690000
0.967703	2.700000
0.961023	2.710000
0.954191	2.720000
0.947207	2.730000
0.940070	2.740000
0.932781	2.750000
0.925340	2.760000
0.917747	2.770000
0.910002	2.780000
0.902106	2.790000
0.894058	2.800000
0.885858	2.810000
0.877507	2.820000
0.869005	2.830000
0.860352	2.840000
0.851549	2.850000
0.842595	2.860000
0.833492	2.870000
0.824238	2.880000
0.814836	2.890000
0.805284	2.900000
0.795584	2.910000
0.785735	2.920000
0.775739	2.930000
0.765595	2.940000
0.755305	2.950000
0.744867	2.960000
0.734284	2.970000
0.723555	2.980000
0.712682	2.990000
0.701663	3.000000
0.690501	3.010000
0.679196	3.020000
0.667747	3.030000
0.656157	3.040000
0.644425	3.050000
0.632553	3.060000
0.620540	3.070000
0.608388	3.080000
0.596097	3.090000
0.583668	3.100000
0.571102	3.110000
0.558399	3.120000
0.545560	3.130000
0.532587	3.140000
0.519480	3.150000
0.506239	3.160000
0.492866	3.170000
0.479361	3.180000
0.465726	3.190000
0.451961	3.200000
0.438067	3.210000
0.424046	3.220000
0.409898	3.230000
0.395624	3.240000
0.381225	3.250000
0.366702	3.260000
0.352057	3.270000
0.337289	3.280000
0.322401	3.290000
0.307394	3.300000
0.292268	3.310000
0.277025	3.320000
0.261666	3.330000
0.246192	3.340000
0.230604	3.350000
0.214903	3.360000
0.199091	3.370000
0.183169	3.380000
0.167138	3.390000
0.151000	3.400000
0.134755	3.410000
0.118405	3.420000
0.101951	3.430000
0.085395	3.440000
0.068738	3.450000
0.051981	3.460000
0.035126	3.470000
0.018173	3.480000
0.001126	3.490000
-0.016016	3.500000
-0.033250	3.510000
-0.050575	3.520000
-0.067990	3.530000
-0.085494	3.540000
-0.103084	3.550000
-0.120759	3.560000
-0.138518	3.570000
-0.156358	3.580000
-0.174280	3.590000
-0.192280	3.600000
-0.210358	3.610000
-0.228512	3.620000
-0.246739	3.630000
-0.265039	3.640000
-0.283410	3.650000
-0.301851	3.660000
-0.320358	3.670000
-0.338932	3.680000
-0.357570	3.690000
-0.376270	3.700000
-0.395031	3.710000
-0.413851	3.720000
-0.432728	3.730000
-0.451661	3.740000
-0.470648	3.750000
-0.489686	3.760000
-0.508774	3.770000
-0.527911	3.780000
-0.547095	3.790000
-0.566323	3.800000
-0.585594	3.810000
-0.604906	3.820000
-0.624257	3.830000
-0.643645	3.840000
-0.663069	3.850000
-0.682526	3.860000
-0.702015	3.870000
-0.721533	3.880000
-0.741079	3.890000
-0.760652	3.900000
-0.780248	3.910000
-0.799866	3.920000
-0.819504	3.930000
-0.839160	3.940000
-0.858832	3.950000
-0.878518	3.960000
-0.898217	3.970000
-0.917925	3.980000
-0.937642	3.990000
-0.957364	4.000000
-0.977091	4.010000
-0.996820	4.020000
-1.016549	4.030000
-1.036276	4.040000
-1.055999	4.050000
-1.075715	4.060000
-1.095424	4.070000
-1.115123	4.080000
-1.134809	4.090000
-1.154481	4.100000
-1.174136	4.110000
-1.193773	4.120000
-1.213390	4.130000
-1.232983	4.140000
-1.252552	4.150000
-1.272094	4.160000
-1.291608	4.170000
-1.311090	4.180000
-1.330539	4.190000
-1.349953	4.200000
-1.369329	4.210000
-1.388666	4.220000
-1.407961	4.230000
-1.427213	4.240000
-1.446419	4.250000
-1.465576	4.260000
-1.484684	4.270000
-1.503740	4.280000
-1.522741	4.290000
-1.541685	4.300000
-1.560572	4.310000
-1.579397	4.320000
-1.598160	4.330000
-1.616857	4.340000
-1.635488	4.350000
-1.654049	4.360000
-1.672539	4.370000
-1.690955	4.380000
-1.709296	4.390000
-1.727559	4.400000
-1.745743	4.410000
-1.763844	4.420000
-1.781861	4.430000
-1.799792	4.440000
-1.817635	4.450000
-1.835388	4.460000
-1.853048	4.470000
-1.870613	4.480000
-1.888082	4.490000
-1.905452	4.500000
-1.922721	4.510000
-1.939887	4.520000
-1.956948	4.530000
-1.973902	4.540000
-1.990747	4.550000
-2.007480	4.560000
-2.024100	4.570000
-2.040605	4.580000
-2.056993	4.590000
-2.073261	4.600000
-2.089407	4.610000
-2.105431	4.620000
-2.121328	4.630000
-2.137098	4.640000
-2.152739	4.650000
-2.168248	4.660000
-2.183623	4.670000
-2.198863	4.680000
-2.213965	4.690000
-2.228928	4.700000
-2.243750	4.710000
-2.258428	4.720000
-2.272961	4.730000
-2.287346	4.740000
-2.301583	4.750000
-2.315668	4.760000
-2.329601	4.770000
-2.343379	4.780000
-2.356999	4.790000
-2.370462	4.800000
-2.383764	4.810000
-2.396903	4.820000
-2.409878	4.830000
-2.422688	4.840000
-2.435330	4.850000
-2.447802	4.860000
-2.460102	4.870000
-2.472230	4.880000
-2.484183	4.890000
-2.495959	4.900000
-2.507556	4.910000
-2.518974	4.920000
-2.530209	4.930000
-2.541262	4.940000
-2.552128	4.950000
-2.562809	4.960000
-2.573300	4.970000
-2.583601	4.980000
-2.593711	4.990000
-2.603627	5.000000
-2.613348	5.010000
-2.622873	5.020000
-2.632200	5.030000
-2.641326	5.040000
-2.650252	5.050000
-2.658975	5.060000
-2.667493	5.070000
-2.675806	5.080000
-2.683912	5.090000
-2.691809	5.100000
-2.699496	5.110000
-2.706971	5.120000
-2.714234	5.130000
-2.721282	5.140000
-2.728115	5.150000
-2.734731	5.160000
-2.741128	5.170000
-2.747306	5.180000
-2.753263	5.190000
-2.758997	5.200000
-2.764509	5.210000
-2.769795	5.220000
-2.774856	5.230000
-2.779690	5.240000
-2.784295	5.250000
-2.788671	5.260000
-2.792817	5.270000
-2.796731	5.280000
-2.800412	5.290000
-2.803859	5.300000
-2.807071	5.310000
-2.810048	5.320000
-2.812787	5.330000
-2.815289	5.340000
-2.817552	5.350000
-2.819575	5.360000
-2.821357	5.370000
-2.822897	5.380000
-2.824195	5.390000
-2.825249	5.400000
-2.826060	5.410000
-2.826625	5.420000
-2.826944	5.430000
-2.827016	5.440000
-2.826841	5.450000
-2.826418	5.460000
-2.825746	5.470000
-2.824824	5.480000
-2.823652	5.490000
-2.822230	5.500000
-2.820555	5.510000
-2.818629	5.520000
-2.816450	5.530000
-2.814018	5.540000
-2.811332	5.550000
-2.808392	5.560000
-2.805197	5.570000
-2.801747	5.580000
-2.798042	5.590000
-2.794080	5.600000
-2.789862	5.610000
-2.785387	5.620000
-2.780656	5.630000
-2.775667	5.640000
-2.770420	5.650000
-2.764915	5.660000
-2.759152	5.670000
-2.753131	5.680000
-2.746851	5.690000
-2.740313	5.700000
-2.733516	5.710000
-2.726459	5.720000
-2.719144	5.730000
-2.711570	5.740000
-2.703736	5.750000
-2.695643	5.760000
-2.687291	5.770000
-2.678680	5.780000
-2.669810	5.790000
-2.660681	5.800000
-2.651294	5.810000
-2.641647	5.820000
-2.631742	5.830000
-2.621579	5.840000
-2.611157	5.850000
-2.600478	5.860000
-2.589541	5.870000
-2.578347	5.880000
-2.566895	5.890000
-2.555187	5.900000
-2.543223	5.910000
-2.531003	5.920000
-2.518528	5.930000
-2.505797	5.940000
-2.492812	5.950000
-2.479573	5.960000
-2.466080	5.970000
-2.452335	5.980000
-2.438337	5.990000
-2.424087	6.000000
-2.409586	6.010000
-2.394835	6.020000
-2.379833	6.030000
-2.364583	6.040000
-2.349084	6.050000
-2.333338	6.060000
-2.317345	6.070000
-2.301105	6.080000
-2.284621	6.090000
-2.267892	6.100000
-2.250920	6.110000
-2.233705	6.120000
-2.216248	6.130000
-2.198551	6.140000
-2.180614	6.150000
-2.162439	6.160000
-2.144026	6.170000
-2.125376	6.180000
-2.106491	6.190000
-2.087371	6.200000
-2.068018	6.210000
-2.048433	6.220000
-2.028617	6.230000
-2.008572	6.240000
-1.988298	6.250000
-1.967797	6.260000
-1.947070	6.270000
-1.926118	6.280000
-1.904943	6.290000
-1.883546	6.300000
-1.861929	6.310000
-1.840092	6.320000
-1.818038	6.330000
-1.795768	6.340000
-1.773282	6.350000
-1.750584	6.360000
-1.727674	6.370000
-1.704553	6.380000
-1.681224	6.390000
-1.657688	6.400000
-1.633947	6.410000
-1.610001	6.420000
-1.585854	6.430000
-1.561506	6.440000
-1.536960	6.450000
-1.512216	6.460000
-1.487278	6.470000
-1.462146	6.480000
-1.436822	6.490000
-1.411308	6.500000
-1.385607	6.510000
-1.359719	6.520000
-1.333647	6.530000
-1.307393	6.540000
-1.280958	6.550000
-1.254345	6.560000
-1.227556	6.570000
-1.200592	6.580000
-1.173455	6.590000
-1.146148	6.600000
-1.118673	6.610000
-1.091031	6.620000
-1.063226	6.630000
-1.035258	6.640000
-1.007130	6.650000
-0.978844	6.660000
-0.950403	6.670000
-0.921808	6.680000
-0.893062	6.690000
-0.864167	6.700000
-0.835126	6.710000
-0.805940	6.720000
-0.776611	6.730000
-0.747143	6.740000
-0.717537	6.750000
-0.687796	6.760000
-0.657923	6.770000
-0.627918	6.780000
-0.597786	6.790000
-0.567528	6.800000
-0.537146	6.810000
-0.506644	6.820000
-0.476024	6.830000
-0.445287	6.840000
-0.414437	6.850000
-0.383477	6.860000
-0.352407	6.870000
-0.321233	6.880000
-0.289954	6.890000
-0.258576	6.900000
-0.227099	6.910000
-0.195526	6.920000
-0.163861	6.930000
-0.132105	6.940000
-0.100262	6.950000
-0.068333	6.960000
-0.036322	6.970000
-0.004232	6.980000
0.027935	6.990000
0.060177	7.000000
0.092490	7.010000
0.124872	7.020000
0.157320	7.030000
0.189831	7.040000
0.222403	7.050000
0.255032	7.060000
0.287717	7.070000
0.320454	7.080000
0.353240	7.090000
0.386073	7.100000
0.418949	7.110000
0.451867	7.120000
0.484822	7.130000
0.517813	7.140000
0.550836	7.150000
0.583888	7.160000
0.616968	7.170000
0.650070	7.180000
0.683194	7.190000
0.716335	7.200000
0.749492	7.210000
0.782660	7.220000
0.815838	7.230000
0.849022	7.240000
0.882209	7.250000
0.915397	7.260000
0.948582	7.270000
0.981761	7.280000
1.014932	7.290000
1.048091	7.300000
1.081236	7.310000
1.114363	7.320000
1.147470	7.330000
1.180554	7.340000
1.213611	7.350000
1.246639	7.360000
1.279634	7.370000
1.312594	7.380000
1.345516	7.390000
1.378396	7.400000
1.411232	7.410000
1.444021	7.420000
1.476759	7.430000
1.509444	7.440000
1.542072	7.450000
1.574641	7.460000
1.607148	7.470000
1.639589	7.480000
1.671962	7.490000
1.704264	7.500000
1.736491	7.510000
1.768641	7.520000
1.800710	7.530000
1.832696	7.540000
1.864595	7.550000
1.896405	7.560000
1.928123	7.570000
1.959745	7.580000
1.991269	7.590000
2.022692	7.600000
2.054010	7.610000
2.085221	7.620000
2.116321	7.630000
2.147309	7.640000
2.178180	7.650000
2.208932	7.660000
2.239562	7.670000
2.270067	7.680000
2.300444	7.690000
2.330690	7.700000
2.360802	7.710000
2.390778	7.720000
2.420614	7.730000
2.450307	7.740000
2.479855	7.750000
2.509254	7.760000
2.538503	7.770000
2.567597	7.780000
2.596534	7.790000
2.625312	7.800000
2.653927	7.810000
2.682376	7.820000
2.710657	7.830000
2.738767	7.840000
2.766704	7.850000
2.794463	7.860000
2.822043	7.870000
2.849441	7.880000
2.876654	7.890000
2.903679	7.900000
2.930514	7.910000
2.957156	7.920000
2.983601	7.930000
3.009849	7.940000
3.035895	7.950000
3.061737	7.960000
3.087372	7.970000
3.112799	7.980000
3.138014	7.990000
3.163014	8.000000
3.187797	8.010000
3.212361	8.020000
3.236702	8.030000
3.260819	8.040000
3.284709	8.050000
3.308369	8.060000
3.331797	8.070000
3.354990	8.080000
3.377946	8.090000
3.400663	8.100000
3.423137	8.110000
3.445367	8.120000
3.467351	8.130000
3.489085	8.140000
3.510567	8.150000
3.531796	8.160000
3.552769	8.170000
3.573483	8.180000
3.593936	8.190000
3.614127	8.200000
3.634052	8.210000
3.653710	8.220000
3.673098	8.230000
3.692215	8.240000
3.711057	8.250000
3.729623	8.260000
3.747912	8.270000
3.765919	8.280000
3.783645	8.290000
3.801086	8.300000
3.818241	8.310000
3.835107	8.320000
3.851683	8.330000
3.867967	8.340000
3.883956	8.350000
3.899650	8.360000
3.915045	8.370000
3.930140	8.380000
3.944934	8.390000
3.959424	8.400000
3.973608	8.410000
3.987486	8.420000
4.001055	8.430000
4.014313	8.440000
4.027259	8.450000
4.039891	8.460000
4.052207	8.470000
4.064207	8.480000
4.075888	8.490000
4.087248	8.500000
4.098287	8.510000
4.109003	8.520000
4.119393	8.530000
4.129458	8.540000
4.139195	8.550000
4.148602	8.560000
4.157680	8.570000
4.166426	8.580000
4.174838	8.590000
4.182917	8.600000
4.190660	8.610000
4.198066	8.620000
4.205134	8.630000
4.211862	8.640000
4.218251	8.650000
4.224298	8.660000
4.230003	8.670000
4.235364	8.680000
4.240380	8.690000
4.245051	8.700000
4.249375	8.710000
4.253352	8.720000
4.256980	8.730000
4.260260	8.740000
4.263189	8.750000
4.265767	8.760000
4.267993	8.770000
4.269867	8.780000
4.271388	8.790000
4.272555	8.800000
4.273367	8.810000
4.273824	8.820000
4.273926	8.830000
4.273671	8.840000
4.273059	8.850000
4.272090	8.860000
4.270762	8.870000
4.269077	8.880000
4.267033	8.890000
4.264629	8.900000
4.261866	8.910000
4.258744	8.920000
4.255261	8.930000
4.251418	8.940000
4.247214	8.950000
4.242650	8.960000
4.237725	8.970000
4.232438	8.980000
4.226791	8.990000
4.220782	9.000000
4.214412	9.010000
4.207681	9.020000
4.200589	9.030000
4.193135	9.040000
4.185320	9.050000
4.177145	9.060000
4.168609	9.070000
4.159712	9.080000
4.150455	9.090000
4.140838	9.100000
4.130861	9.110000
4.120524	9.120000
4.109828	9.130000
4.098774	9.140000
4.087362	9.150000
4.075591	9.160000
4.063463	9.170000
4.050979	9.180000
4.038138	9.190000
4.024941	9.200000
4.011390	9.210000
3.997484	9.220000
3.983224	9.230000
3.968611	9.240000
3.953646	9.250000
3.938329	9.260000
3.922662	9.270000
3.906645	9.280000
3.890278	9.290000
3.873564	9.300000
3.856503	9.310000
3.839095	9.320000
3.821343	9.330000
3.803246	9.340000
3.784806	9.350000
3.766024	9.360000
3.746902	9.370000
3.727439	9.380000
3.707639	9.390000
3.687501	9.400000
3.667027	9.410000
3.646218	9.420000
3.625076	9.430000
3.603602	9.440000
3.581798	9.450000
3.559664	9.460000
3.537203	9.470000
3.514415	9.480000
3.491302	9.490000
3.467867	9.500000
3.444109	9.510000
3.420032	9.520000
3.395636	9.530000
3.370923	9.540000
3.345895	9.550000
3.320554	9.560000
3.294902	9.570000
3.268939	9.580000
3.242669	9.590000
3.216092	9.600000
3.189211	9.610000
3.162028	9.620000
3.134544	9.630000
3.106761	9.640000
3.078682	9.650000
3.050309	9.660000
3.021643	9.670000
2.992687	9.680000
2.963442	9.690000
2.933912	9.700000
2.904097	9.710000
2.874001	9.720000
2.843624	9.730000
2.812971	9.740000
2.782042	9.750000
2.750841	9.760000
2.719369	9.770000
2.687629	9.780000
2.655623	9.790000
2.623354	9.800000
2.590824	9.810000
2.558035	9.820000
2.524991	9.830000
2.491693	9.840000
2.458144	9.850000
2.424346	9.860000
2.390303	9.870000
2.356016	9.880000
2.321489	9.890000
2.286724	9.900000
2.251724	9.910000
2.216491	9.920000
2.181028	9.930000
2.145338	9.940000
2.109424	9.950000
2.073289	9.960000
2.036934	9.970000
2.000364	9.980000
1.963581	9.990000
1.926587	10.000000
1.889387	10.010000
1.851982	10.020000
1.814376	10.030000
1.776571	10.040000
1.738572	10.050000
1.700379	10.060000
1.661998	10.070000
1.623430	10.080000
1.584679	10.090000
1.545748	10.100000
1.506640	10.110000
1.467358	10.120000
1.427905	10.130000
1.388285	10.140000
1.348501	10.150000
1.308555	10.160000
1.268451	10.170000
1.228193	10.180000
1.187784	10.190000
1.147226	10.200000
1.106523	10.210000
1.065679	10.220000
1.024697	10.230000
0.983579	10.240000
0.942331	10.250000
0.900954	10.260000
0.859452	10.270000
0.817829	10.280000
0.776088	10.290000
0.734232	10.300000
0.692266	10.310000
0.650192	10.320000
0.608013	10.330000
0.565734	10.340000
0.523358	10.350000
0.480888	10.360000
0.438328	10.370000
0.395682	10.380000
0.352952	10.390000
0.310143	10.400000
0.267258	10.410000
0.224300	10.420000
0.181274	10.430000
0.138183	10.440000
0.095030	10.450000
0.051819	10.460000
0.008553	10.470000
-0.034763	10.480000
-0.078126	10.490000
-0.121533	10.500000
-0.164979	10.510000
-0.208461	10.520000
-0.251976	10.530000
-0.295520	10.540000
-0.339089	10.550000
-0.382679	10.560000
-0.426287	10.570000
-0.469909	10.580000
-0.513541	10.590000
-0.557180	10.600000
-0.600821	10.610000
-0.644462	10.620000
-0.688098	10.630000
-0.731726	10.640000
-0.775342	10.650000
-0.818942	10.660000
-0.862523	10.670000
-0.906080	10.680000
-0.949611	10.690000
-0.993111	10.700000
-1.036576	10.710000
-1.080003	10.720000
-1.123388	10.730000
-1.166728	10.740000
-1.210018	10.750000
-1.253256	10.760000
-1.296436	10.770000
-1.339555	10.780000
-1.382611	10.790000
-1.425598	10.800000
-1.468513	10.810000
-1.511353	10.820000
-1.554114	10.830000
-1.596792	10.840000
-1.639383	10.850000
-1.681883	10.860000
-1.724290	10.870000
-1.766598	10.880000
-1.808805	10.890000
-1.850907	10.900000
-1.892900	10.910000
-1.934780	10.920000
-1.976544	10.930000
-2.018189	10.940000
-2.059709	10.950000
-2.101102	10.960000
-2.142365	10.970000
-2.183492	10.980000
-2.224482	10.990000
-2.265330	11.000000
-2.306032	11.010000
-2.346585	11.020000
-2.386986	11.030000
-2.427231	11.040000
-2.467315	11.050000
-2.507237	11.060000
-2.546991	11.070000
-2.586575	11.080000
-2.625985	11.090000
-2.665218	11.100000
-2.704269	11.110000
-2.743136	11.120000
-2.781816	11.130000
-2.820303	11.140000
-2.858596	11.150000
-2.896690	11.160000
-2.934583	11.170000
-2.972271	11.180000
-3.009750	11.190000
-3.047017	11.200000
-3.084068	11.210000
-3.120901	11.220000
-3.157512	11.230000
-3.193898	11.240000
-3.230055	11.250000
-3.265981	11.260000
-3.301671	11.270000
-3.337122	11.280000
-3.372332	11.290000
-3.407298	11.300000
-3.442015	11.310000
-3.476481	11.320000
-3.510692	11.330000
-3.544646	11.340000
-3.578340	11.350000
-3.611770	11.360000
-3.644933	11.370000
-3.677826	11.380000
-3.710446	11.390000
-3.742790	11.400000
-3.774856	11.410000
-3.806639	11.420000
-3.838138	11.430000
-3.869349	11.440000
-3.900269	11.450000
-3.930896	11.460000
-3.961227	11.470000
-3.991258	11.480000
-4.020988	11.490000
-4.050412	11.500000
-4.079529	11.510000
-4.108336	11.520000
-4.136830	11.530000
-4.165008	11.540000
-4.192867	11.550000
-4.220406	11.560000
-4.247621	11.570000
-4.274510	11.580000
-4.301070	11.590000
-4.327299	11.600000
-4.353194	11.610000
-4.378753	11.620000
-4.403973	11.630000
-4.428852	11.640000
-4.453388	11.650000
-4.477577	11.660000
-4.501419	11.670000
-4.524909	11.680000
-4.548048	11.690000
-4.570831	11.700000
-4.593256	11.710000
-4.615322	11.720000
-4.637027	11.730000
-4.658368	11.740000
-4.679343	11.750000
-4.699950	11.760000
-4.720187	11.770000
-4.740051	11.780000
-4.759542	11.790000
-4.778657	11.800000
-4.797394	11.810000
-4.815752	11.820000
-4.833727	11.830000
-4.851320	11.840000
-4.868527	11.850000
-4.885347	11.860000
-4.901778	11.870000
-4.917819	11.880000
-4.933467	11.890000
-4.948723	11.900000
-4.963582	11.910000
-4.978045	11.920000
-4.992109	11.930000
-5.005774	11.940000
-5.019037	11.950000
-5.031897	11.960000
-5.044353	11.970000
-5.056404	11.980000
-5.068047	11.990000
-5.079283	12.000000
-5.090109	12.010000
-5.100524	12.020000
-5.110527	12.030000
-5.120118	12.040000
-5.129294	12.050000
-5.138055	12.060000
-5.146400	12.070000
-5.154327	12.080000
-5.161836	12.090000
-5.168926	12.100000
-5.175596	12.110000
-5.181845	12.120000
-5.187672	12.130000
-5.193076	12.140000
-5.198057	12.150000
-5.202613	12.160000
-5.206745	12.170000
-5.210452	12.180000
-5.213732	12.190000
-5.216586	12.200000
-5.219012	12.210000
-5.221011	12.220000
-5.222582	12.230000
-5.223724	12.240000
-5.224436	12.250000
-5.224720	12.260000
-5.224574	12.270000
-5.223997	12.280000
-5.222991	12.290000
-5.221554	12.300000
-5.219686	12.310000
-5.217388	12.320000
-5.214658	12.330000
-5.211498	12.340000
-5.207907	12.350000
-5.203885	12.360000
-5.199432	12.370000
-5.194548	12.380000
-5.189233	12.390000
-5.183488	12.400000
-5.177312	12.410000
-5.170706	12.420000
-5.163671	12.430000
-5.156205	12.440000
-5.148311	12.450000
-5.139988	12.460000
-5.131236	12.470000
-5.122057	12.480000
-5.112450	12.490000
-5.102416	12.500000
-5.091956	12.510000
-5.081070	12.520000
-5.069759	12.530000
-5.058024	12.540000
-5.045865	12.550000
-5.033283	12.560000
-5.020279	12.570000
-5.006853	12.580000
-4.993008	12.590000
-4.978742	12.600000
-4.964058	12.610000
-4.948957	12.620000
-4.933439	12.630000
-4.917505	12.640000
-4.901157	12.650000
-4.884396	12.660000
-4.867222	12.670000
-4.849638	12.680000
-4.831644	12.690000
-4.813241	12.700000
-4.794431	12.710000
-4.775215	12.720000
-4.755595	12.730000
-4.735572	12.740000
-4.715147	12.750000
-4.694323	12.760000
-4.673099	12.770000
-4.651479	12.780000
-4.629463	12.790000
-4.607054	12.800000
-4.584252	12.810000
-4.561060	12.820000
-4.537479	12.830000
-4.513511	12.840000
-4.489158	12.850000
-4.464422	12.860000
-4.439305	12.870000
-4.413807	12.880000
-4.387933	12.890000
-4.361682	12.900000
-4.335058	12.910000
-4.308063	12.920000
-4.280697	12.930000
-4.252965	12.940000
-4.224867	12.950000
-4.196406	12.960000
-4.167584	12.970000
-4.138403	12.980000
-4.108866	12.990000
-4.078975	13.000000
-4.048732	13.010000
-4.018140	13.020000
-3.987200	13.030000
-3.955916	13.040000
-3.924290	13.050000
-3.892324	13.060000
-3.860021	13.070000
-3.827383	13.080000
-3.794414	13.090000
-3.761114	13.100000
-3.727488	13.110000
-3.693538	13.120000
-3.659267	13.130000
-3.624676	13.140000
-3.589770	13.150000
-3.554551	13.160000
-3.519021	13.170000
-3.483183	13.180000
-3.447041	13.190000
-3.410597	13.200000
-3.373855	13.210000
-3.336816	13.220000
-3.299485	13.230000
-3.261863	13.240000
-3.223955	13.250000
-3.185762	13.260000
-3.147289	13.270000
-3.108539	13.280000
-3.069513	13.290000
-3.030217	13.300000
-2.990652	13.310000
-2.950822	13.320000
-2.910730	13.330000
-2.870380	13.340000
-2.829775	13.350000
-2.788917	13.360000
-2.747811	13.370000
-2.706460	13.380000
-2.664867	13.390000
-2.623035	13.400000
-2.580969	13.410000
-2.538670	13.420000
-2.496144	13.430000
-2.453392	13.440000
-2.410420	13.450000
-2.367229	13.460000
-2.323825	13.470000
-2.280210	13.480000
-2.236388	13.490000
-2.192363	13.500000
-2.148137	13.510000
-2.103716	13.520000
-2.059102	13.530000
-2.014299	13.540000
-1.969312	13.550000
-1.924142	13.560000
-1.878795	13.570000
-1.833274	13.580000
-1.787583	13.590000
-1.741725	13.600000
-1.695705	13.610000
-1.649526	13.620000
-1.603192	13.630000
-1.556707	13.640000
-1.510074	13.650000
-1.463298	13.660000
-1.416382	13.670000
-1.369331	13.680000
-1.322148	13.690000
-1.274837	13.700000
-1.227402	13.710000
-1.179847	13.720000
-1.132176	13.730000
-1.084393	13.740000
-1.036502	13.750000
-0.988507	13.760000
-0.940412	13.770000
-0.892221	13.780000
-0.843937	13.790000
-0.795566	13.800000
-0.747111	13.810000
-0.698575	13.820000
-0.649964	13.830000
-0.601281	13.840000
-0.552530	13.850000
-0.503716	13.860000
-0.454842	13.870000
-0.405912	13.880000
-0.356931	13.890000
-0.307903	13.900000
-0.258831	13.910000
-0.209720	13.920000
-0.160575	13.930000
-0.111398	13.940000
-0.062195	13.950000
-0.012969	13.960000
0.036275	13.970000
0.085533	13.980000
0.134802	13.990000
0.184077	14.000000
0.233353	14.010000
0.282628	14.020000
0.331896	14.030000
0.381153	14.040000
0.430396	14.050000
0.479620	14.060000
0.528821	14.070000
0.577995	14.080000
0.627137	14.090000
0.676244	14.100000
0.725312	14.110000
0.774336	14.120000
0.823311	14.130000
0.872235	14.140000
0.921103	14.150000
0.969911	14.160000
1.018654	14.170000
1.067329	14.180000
1.115931	14.190000
1.164457	14.200000
1.212902	14.210000
1.261262	14.220000
1.309532	14.230000
1.357710	14.240000
1.405791	14.250000
1.453770	14.260000
1.501644	14.270000
1.549409	14.280000
1.597060	14.290000
1.644594	14.300000
1.692007	14.310000
1.739294	14.320000
1.786451	14.330000
1.833475	14.340000
1.880361	14.350000
1.927106	14.360000
1.973706	14.370000
2.020156	14.380000
2.066453	14.390000
2.112593	14.400000
2.158571	14.410000
2.204384	14.420000
2.250029	14.430000
2.295500	14.440000
2.340795	14.450000
2.385909	14.460000
2.430839	14.470000
2.475580	14.480000
2.520129	14.490000
2.564483	14.500000
2.608637	14.510000
2.652588	14.520000
2.696331	14.530000
2.739864	14.540000
2.783182	14.550000
2.826282	14.560000
2.869159	14.570000
2.911812	14.580000
2.954235	14.590000
2.996425	14.600000
3.038379	14.610000
3.080093	14.620000
3.121563	14.630000
3.162787	14.640000
3.203759	14.650000
3.244478	14.660000
3.284939	14.670000
3.325139	14.680000
3.365074	14.690000
3.404742	14.700000
3.444138	14.710000
3.483260	14.720000
3.522103	14.730000
3.560666	14.740000
3.598944	14.750000
3.636934	14.760000
3.674633	14.770000
3.712037	14.780000
3.749144	14.790000
3.785951	14.800000
3.822453	14.810000
3.858649	14.820000
3.894535	14.830000
3.930107	14.840000
3.965363	14.850000
4.000300	14.860000
4.034915	14.870000
4.069205	14.880000
4.103167	14.890000
4.136798	14.900000
4.170095	14.910000
4.203055	14.920000
4.235676	14.930000
4.267954	14.940000
4.299887	14.950000
4.331473	14.960000
4.362708	14.970000
4.393590	14.980000
4.424115	14.990000
4.454283	15.000000
4.484089	15.010000
4.513532	15.020000
4.542609	15.030000
4.571317	15.040000
4.599654	15.050000
4.627618	15.060000
4.655205	15.070000
4.682415	15.080000
4.709244	15.090000
4.735690	15.100000
4.761750	15.110000
4.787424	15.120000
4.812707	15.130000
4.837599	15.140000
4.862097	15.150000
4.886199	15.160000
4.909903	15.170000
4.933207	15.180000
4.956109	15.190000
4.978607	15.200000
5.000699	15.210000
5.022382	15.220000
5.043656	15.230000
5.064519	15.240000
5.084968	15.250000
5.105002	15.260000
5.124619	15.270000
5.143818	15.280000
5.162596	15.290000
5.180953	15.300000
5.198886	15.310000
5.216394	15.320000
5.233476	15.330000
5.250130	15.340000
5.266355	15.350000
5.282149	15.360000
5.297511	15.370000
5.312439	15.380000
5.326933	15.390000
5.340991	15.400000
5.354612	15.410000
5.367795	15.420000
5.380538	15.430000
5.392841	15.440000
5.404702	15.450000
5.416120	15.460000
5.427095	15.470000
5.437626	15.480000
5.447711	15.490000
5.457349	15.500000
5.466541	15.510000
5.475285	15.520000
5.483580	15.530000
5.491425	15.540000
5.498821	15.550000
5.505766	15.560000
5.512260	15.570000
5.518302	15.580000
5.523891	15.590000
5.529028	15.600000
5.533711	15.610000
5.537941	15.620000
5.541717	15.630000
5.545038	15.640000
5.547905	15.650000
5.550316	15.660000
5.552273	15.670000
5.553775	15.680000
5.554821	15.690000
5.555411	15.700000
5.555546	15.710000
5.555226	15.720000
5.554449	15.730000
5.553218	15.740000
5.551531	15.750000
5.549389	15.760000
5.546792	15.770000
5.543740	15.780000
5.540233	15.790000
5.536273	15.800000
5.531858	15.810000
5.526990	15.820000
5.521669	15.830000
5.515895	15.840000
5.509669	15.850000
5.502991	15.860000
5.495863	15.870000
5.488284	15.880000
5.480255	15.890000
5.471777	15.900000
5.462851	15.910000
5.453477	15.920000
5.443656	15.930000
5.433390	15.940000
5.422678	15.950000
5.411522	15.960000
5.399924	15.970000
5.387882	15.980000
5.375400	15.990000
5.362478	16.000000
5.349117	16.010000
5.335318	16.020000
5.321082	16.030000
5.306411	16.040000
5.291305	16.050000
5.275767	16.060000
5.259798	16.070000
5.243398	16.080000
5.226569	16.090000
5.209314	16.100000
5.191632	16.110000
5.173526	16.120000
5.154998	16.130000
5.136048	16.140000
5.116679	16.150000
5.096891	16.160000
5.076688	16.170000
5.056070	16.180000
5.035040	16.190000
5.013599	16.200000
4.991749	16.210000
4.969491	16.220000
4.946829	16.230000
4.923763	16.240000
4.900296	16.250000
4.876430	16.260000
4.852166	16.270000
4.827507	16.280000
4.802455	16.290000
4.777013	16.300000
4.751181	16.310000
4.724963	16.320000
4.698361	16.330000
4.671377	16.340000
4.644013	16.350000
4.616272	16.360000
4.588156	16.370000
4.559668	16.380000
4.530809	16.390000
4.501583	16.400000
4.471992	16.410000
4.442038	16.420000
4.411724	16.430000
4.381053	16.440000
4.350027	16.450000
4.318649	16.460000
4.286921	16.470000
4.254847	16.480000
4.222429	16.490000
4.189669	16.500000
4.156572	16.510000
4.123138	16.520000
4.089373	16.530000
4.055277	16.540000
4.020854	16.550000
3.986108	16.560000
3.951040	16.570000
3.915655	16.580000
3.879954	16.590000
3.843942	16.600000
3.807621	16.610000
3.770994	16.620000
3.734065	16.630000
3.696836	16.640000
3.659312	16.650000
3.621494	16.660000
3.583386	16.670000
3.544992	16.680000
3.506314	16.690000
3.467357	16.700000
3.428123	16.710000
3.388616	16.720000
3.348839	16.730000
3.308795	16.740000
3.268488	16.750000
3.227922	16.760000
3.187100	16.770000
3.146024	16.780000
3.104700	16.790000
3.063130	16.800000
3.021318	16.810000
2.979267	16.820000
2.936982	16.830000
2.894465	16.840000
2.851720	16.850000
2.808752	16.860000
2.765562	16.870000
2.722156	16.880000
2.678538	16.890000
2.634709	16.900000
2.590675	16.910000
2.546440	16.920000
2.502006	16.930000
2.457378	16.940000
2.412559	16.950000
2.367554	16.960000
2.322366	16.970000
2.276999	16.980000
2.231456	16.990000
2.185743	17.000000
2.139862	17.010000
2.093817	17.020000
2.047613	17.030000
2.001253	17.040000
1.954742	17.050000
1.908082	17.060000
1.861279	17.070000
1.814336	17.080000
1.767257	17.090000
1.720047	17.100000
1.672708	17.110000
1.625246	17.120000
1.577664	17.130000
1.529966	17.140000
1.482156	17.150000
1.434238	17.160000
1.386217	17.170000
1.338097	17.180000
1.289880	17.190000
1.241573	17.200000
1.193178	17.210000
1.144700	17.220000
1.096142	17.230000
1.047510	17.240000
0.998807	17.250000
0.950037	17.260000
0.901204	17.270000
0.852313	17.280000
0.803367	17.290000
0.754371	17.300000
0.705329	17.310000
0.656245	17.320000
0.607123	17.330000
0.557967	17.340000
0.508782	17.350000
0.459571	17.360000
0.410339	17.370000
0.361090	17.380000
0.311828	17.390000
0.262557	17.400000
0.213281	17.410000
0.164004	17.420000
0.114732	17.430000
0.065467	17.440000
0.016213	17.450000
-0.033024	17.460000
-0.082241	17.470000
-0.131434	17.480000
-0.180598	17.490000
-0.229730	17.500000
-0.278825	17.510000
-0.327880	17.520000
-0.376889	17.530000
-0.425850	17.540000
-0.474757	17.550000
-0.523608	17.560000
-0.572397	17.570000
-0.621120	17.580000
-0.669775	17.590000
-0.718355	17.600000
-0.766859	17.610000
-0.815280	17.620000
-0.863616	17.630000
-0.911863	17.640000
-0.960015	17.650000
-1.008070	17.660000
-1.056023	17.670000
-1.103871	17.680000
-1.151609	17.690000
-1.199233	17.700000
-1.246739	17.710000
-1.294124	17.720000
-1.341383	17.730000
-1.388513	17.740000
-1.435510	17.750000
-1.482369	17.760000
-1.529087	17.770000
-1.575660	17.780000
-1.622084	17.790000
-1.668356	17.800000
-1.714471	17.810000
-1.760425	17.820000
-1.806216	17.830000
-1.851838	17.840000
-1.897288	17.850000
-1.942563	17.860000
-1.987659	17.870000
-2.032572	17.880000
-2.077298	17.890000
-2.121834	17.900000
-2.166176	17.910000
-2.210321	17.920000
-2.254264	17.930000
-2.298002	17.940000
-2.341531	17.950000
-2.384849	17.960000
-2.427951	17.970000
-2.470834	17.980000
-2.513494	17.990000
-2.555928	18.000000
-2.598132	18.010000
-2.640104	18.020000
-2.681839	18.030000
-2.723334	18.040000
-2.764585	18.050000
-2.805590	18.060000
-2.846346	18.070000
-2.886847	18.080000
-2.927093	18.090000
-2.967078	18.100000
-3.006800	18.110000
-3.046256	18.120000
-3.085443	18.130000
-3.124357	18.140000
-3.162995	18.150000
-3.201354	18.160000
-3.239431	18.170000
-3.277223	18.180000
-3.314727	18.190000
-3.351939	18.200000
-3.388858	18.210000
-3.425479	18.220000
-3.461800	18.230000
-3.497819	18.240000
-3.533531	18.250000
-3.568935	18.260000
-3.604027	18.270000
-3.638805	18.280000
-3.673266	18.290000
-3.707407	18.300000
-3.741225	18.310000
-3.774718	18.320000
-3.807884	18.330000
-3.840718	18.340000
-3.873220	18.350000
-3.905386	18.360000
-3.937214	18.370000
-3.968701	18.380000
-3.999845	18.390000
-4.030643	18.400000
-4.061094	18.410000
-4.091194	18.420000
-4.120941	18.430000
-4.150333	18.440000
-4.179368	18.450000
-4.208043	18.460000
-4.236356	18.470000
-4.264306	18.480000
-4.291889	18.490000
-4.319104	18.500000
-4.345948	18.510000
-4.372420	18.520000
-4.398518	18.530000
-4.424239	18.540000
-4.449582	18.550000
-4.474545	18.560000
-4.499125	18.570000
-4.523321	18.580000
-4.547132	18.590000
-4.570554	18.600000
-4.593588	18.610000
-4.616230	18.620000
-4.638479	18.630000
-4.660334	18.640000
-4.681793	18.650000
-4.702854	18.660000
-4.723516	18.670000
-4.743777	18.680000
-4.763636	18.690000
-4.783092	18.700000
-4.802142	18.710000
-4.820786	18.720000
-4.839023	18.730000
-4.856850	18.740000
-4.874268	18.750000
-4.891273	18.760000
-4.907866	18.770000
-4.924046	18.780000
-4.939810	18.790000
-4.955159	18.800000
-4.970090	18.810000
-4.984604	18.820000
-4.998698	18.830000
-5.012373	18.840000
-5.025627	18.850000
-5.038459	18.860000
-5.050869	18.870000
-5.062855	18.880000
-5.074418	18.890000
-5.085556	18.900000
-5.096268	18.910000
-5.106555	18.920000
-5.116415	18.930000
-5.125848	18.940000
-5.134853	18.950000
-5.143430	18.960000
-5.151579	18.970000
-5.159298	18.980000
-5.166588	18.990000
-5.173449	19.000000
-5.179879	19.010000
-5.185880	19.020000
-5.191450	19.030000
-5.196589	19.040000
-5.201298	19.050000
-5.205575	19.060000
-5.209422	19.070000
-5.212838	19.080000
-5.215822	19.090000
-5.218376	19.100000
-5.220499	19.110000
-5.222191	19.120000
-5.223453	19.130000
-5.224284	19.140000
-5.224685	19.150000
-5.224656	19.160000
-5.224198	19.170000
-5.223310	19.180000
-5.221994	19.190000
-5.220249	19.200000
-5.218076	19.210000
-5.215475	19.220000
-5.212447	19.230000
-5.208993	19.240000
-5.205114	19.250000
-5.200809	19.260000
-5.196079	19.270000
-5.190925	19.280000
-5.185349	19.290000
-5.179350	19.300000
-5.172930	19.310000
-5.166089	19.320000
-5.158828	19.330000
-5.151148	19.340000
-5.143051	19.350000
-5.134536	19.360000
-5.125606	19.370000
-5.116261	19.380000
-5.106502	19.390000
-5.096331	19.400000
-5.085748	19.410000
-5.074755	19.420000
-5.063354	19.430000
-5.051544	19.440000
-5.039328	19.450000
-5.026707	19.460000
-5.013683	19.470000
-5.000256	19.480000
-4.986429	19.490000
-4.972202	19.500000
-4.957577	19.510000
-4.942556	19.520000
-4.927140	19.530000
-4.911332	19.540000
-4.895132	19.550000
-4.878542	19.560000
-4.861564	19.570000
-4.844200	19.580000
-4.826451	19.590000
-4.808320	19.600000
-4.789808	19.610000
-4.770916	19.620000
-4.751648	19.630000
-4.732005	19.640000
-4.711988	19.650000
-4.691600	19.660000
-4.670843	19.670000
-4.649719	19.680000
-4.628229	19.690000
-4.606377	19.700000
-4.584164	19.710000
-4.561593	19.720000
-4.538665	19.730000
-4.515383	19.740000
-4.491749	19.750000
-4.467766	19.760000
-4.443435	19.770000
-4.418759	19.780000
-4.393741	19.790000
-4.368382	19.800000
-4.342686	19.810000
-4.316655	19.820000
-4.290291	19.830000
-4.263596	19.840000
-4.236574	19.850000
-4.209227	19.860000
-4.181557	19.870000
-4.153568	19.880000
-4.125261	19.890000
-4.096639	19.900000
-4.067706	19.910000
-4.038463	19.920000
-4.008914	19.930000
-3.979061	19.940000
-3.948908	19.950000
-3.918456	19.960000
-3.887709	19.970000
-3.856670	19.980000
-3.825342	19.990000
-3.793727	20.000000
-3.761828	20.010000
-3.729648	20.020000
-3.697191	20.030000
-3.664460	20.040000
-3.631456	20.050000
-3.598184	20.060000
-3.564647	20.070000
-3.530847	20.080000
-3.496787	20.090000
-3.462472	20.100000
-3.427903	20.110000
-3.393084	20.120000
-3.358019	20.130000
-3.322710	20.140000
-3.287161	20.150000
-3.251375	20.160000
-3.215355	20.170000
-3.179104	20.180000
-3.142626	20.190000
-3.105924	20.200000
-3.069002	20.210000
-3.031862	20.220000
-2.994508	20.230000
-2.956944	20.240000
-2.919172	20.250000
-2.881197	20.260000
-2.843021	20.270000
-2.804649	20.280000
-2.766083	20.290000
-2.727327	20.300000
-2.688384	20.310000
-2.649258	20.320000
-2.609953	20.330000
-2.570472	20.340000
-2.530818	20.350000
-2.490995	20.360000
-2.451006	20.370000
-2.410856	20.380000
-2.370548	20.390000
-2.330084	20.400000
-2.289470	20.410000
-2.248708	20.420000
-2.207802	20.430000
-2.166756	20.440000
-2.125573	20.450000
-2.084257	20.460000
-2.042811	20.470000
-2.001240	20.480000
-1.959546	20.490000
-1.917734	20.500000
-1.875808	20.510000
-1.833770	20.520000
-1.791625	20.530000
-1.749376	20.540000
-1.707027	20.550000
-1.664582	20.560000
-1.622044	20.570000
-1.579417	20.580000
-1.536705	20.590000
-1.493912	20.600000
-1.451041	20.610000
-1.408096	20.620000
-1.365080	20.630000
-1.321998	20.640000
-1.278854	20.650000
-1.235650	20.660000
-1.192390	20.670000
-1.149080	20.680000
-1.105721	20.690000
-1.062318	20.700000
-1.018875	20.710000
-0.975395	20.720000
-0.931882	20.730000
-0.888340	20.740000
-0.844773	20.750000
-0.801184	20.760000
-0.757577	20.770000
-0.713956	20.780000
-0.670324	20.790000
-0.626685	20.800000
-0.583044	20.810000
-0.539403	20.820000
-0.495766	20.830000
-0.452138	20.840000
-0.408521	20.850000
-0.364920	20.860000
-0.321338	20.870000
-0.277779	20.880000
-0.234247	20.890000
-0.190745	20.900000
-0.147277	20.910000
-0.103846	20.920000
-0.060457	20.930000
-0.017112	20.940000
0.026184	20.950000
0.069427	20.960000
0.112615	20.970000
0.155743	20.980000
0.198809	20.990000
0.241807	21.000000
0.284736	21.010000
0.327590	21.020000
0.370368	21.030000
0.413064	21.040000
0.455676	21.050000
0.498199	21.060000
0.540631	21.070000
0.582968	21.080000
0.625207	21.090000
0.667343	21.100000
0.709374	21.110000
0.751296	21.120000
0.793105	21.130000
0.834798	21.140000
0.876372	21.150000
0.917824	21.160000
0.959149	21.170000
1.000344	21.180000
1.041407	21.190000
1.082334	21.200000
1.123120	21.210000
1.163764	21.220000
1.204262	21.230000
1.244611	21.240000
1.284806	21.250000
1.324846	21.260000
1.364726	21.270000
1.404444	21.280000
1.443997	21.290000
1.483380	21.300000
1.522592	21.310000
1.561628	21.320000
1.600486	21.330000
1.639163	21.340000
1.677655	21.350000
1.715960	21.360000
1.754074	21.370000
1.791995	21.380000
1.829719	21.390000
1.867243	21.400000
1.904565	21.410000
1.941682	21.420000
1.978590	21.430000
2.015287	21.440000
2.051769	21.450000
2.088035	21.460000
2.124081	21.470000
2.159904	21.480000
2.195501	21.490000
2.230871	21.500000
2.266009	21.510000
2.300914	21.520000
2.335583	21.530000
2.370012	21.540000
2.404200	21.550000
2.438143	21.560000
2.471840	21.570000
2.505287	21.580000
2.538482	21.590000
2.571423	21.600000
2.604106	21.610000
2.636530	21.620000
2.668693	21.630000
2.700590	21.640000
2.732221	21.650000
2.763583	21.660000
2.794674	21.670000
2.825491	21.680000
2.856032	21.690000
2.886294	21.700000
2.916276	21.710000
2.945975	21.720000
2.975390	21.730000
3.004517	21.740000
3.033355	21.750000
3.061902	21.760000
3.090156	21.770000
3.118114	21.780000
3.145775	21.790000
3.173137	21.800000
3.200197	21.810000
3.226955	21.820000
3.253407	21.830000
3.279552	21.840000
3.305389	21.850000
3.330915	21.860000
3.356128	21.870000
3.381028	21.880000
3.405612	21.890000
3.429878	21.900000
3.453825	21.910000
3.477452	21.920000
3.500756	21.930000
3.523737	21.940000
3.546392	21.950000
3.568720	21.960000
3.590720	21.970000
3.612390	21.980000
3.633729	21.990000
3.654735	22.000000
3.675407	22.010000
3.695745	22.020000
3.715745	22.030000
3.735408	22.040000
3.754732	22.050000
3.773716	22.060000
3.792359	22.070000
3.810659	22.080000
3.828616	22.090000
3.846228	22.100000
3.863495	22.110000
3.880415	22.120000
3.896987	22.130000
3.913211	22.140000
3.929086	22.150000
3.944611	22.160000
3.959784	22.170000
3.974606	22.180000
3.989075	22.190000
4.003191	22.200000
4.016953	22.210000
4.030360	22.220000
4.043412	22.230000
4.056107	22.240000
4.068447	22.250000
4.080429	22.260000
4.092054	22.270000
4.103320	22.280000
4.114229	22.290000
4.124778	22.300000
4.134968	22.310000
4.144799	22.320000
4.154269	22.330000
4.163379	22.340000
4.172129	22.350000
4.180519	22.360000
4.188547	22.370000
4.196215	22.380000
4.203521	22.390000
4.210467	22.400000
4.217051	22.410000
4.223273	22.420000
4.229135	22.430000
4.234635	22.440000
4.239775	22.450000
4.244553	22.460000
4.248970	22.470000
4.253027	22.480000
4.256723	22.490000
4.260059	22.500000
4.263035	22.510000
4.265652	22.520000
4.267909	22.530000
4.269807	22.540000
4.271346	22.550000
4.272528	22.560000
4.273351	22.570000
4.273818	22.580000
4.273927	22.590000
4.273681	22.600000
4.273079	22.610000
4.272122	22.620000
4.270811	22.630000
4.269146	22.640000
4.267129	22.650000
4.264759	22.660000
4.262038	22.670000
4.258966	22.680000
4.255545	22.690000
4.251774	22.700000
4.247656	22.710000
4.243190	22.720000
4.238378	22.730000
4.233221	22.740000
4.227720	22.750000
4.221876	22.760000
4.215690	22.770000
4.209162	22.780000
4.202295	22.790000
4.195089	22.800000
4.187546	22.810000
4.179666	22.820000
4.171452	22.830000
4.162903	22.840000
4.154022	22.850000
4.144810	22.860000
4.135268	22.870000
4.125397	22.880000
4.115200	22.890000
4.104677	22.900000
4.093829	22.910000
4.082659	22.920000
4.071168	22.930000
4.059357	22.940000
4.047229	22.950000
4.034783	22.960000
4.022023	22.970000
4.008950	22.980000
3.995565	22.990000
3.981870	23.000000
3.967867	23.010000
3.953558	23.020000
3.938944	23.030000
3.924027	23.040000
3.908810	23.050000
3.893293	23.060000
3.877479	23.070000
3.861369	23.080000
3.844966	23.090000
3.828272	23.100000
3.811288	23.110000
3.794016	23.120000
3.776459	23.130000
3.758618	23.140000
3.740496	23.150000
3.722094	23.160000
3.703415	23.170000
3.684461	23.180000
3.665233	23.190000
3.645735	23.200000
3.625968	23.210000
3.605934	23.220000
3.585636	23.230000
3.565077	23.240000
3.544257	23.250000
3.523180	23.260000
3.501847	23.270000
3.480262	23.280000
3.458426	23.290000
3.436342	23.300000
3.414012	23.310000
3.391438	23.320000
3.368624	23.330000
3.345571	23.340000
3.322282	23.350000
3.298759	23.360000
3.275005	23.370000
3.251023	23.380000
3.226814	23.390000
3.202381	23.400000
3.177728	23.410000
3.152856	23.420000
3.127768	23.430000
3.102467	23.440000
3.076955	23.450000
3.051235	23.460000
3.025309	23.470000
2.999181	23.480000
2.972853	23.490000
2.946327	23.500000
2.919606	23.510000
2.892693	23.520000
2.865591	23.530000
2.838303	23.540000
2.810830	23.550000
2.783177	23.560000
2.755345	23.570000
2.727338	23.580000
2.699158	23.590000
2.670808	23.600000
2.642290	23.610000
2.613609	23.620000
2.584766	23.630000
2.555764	23.640000
2.526607	23.650000
2.497297	23.660000
2.467836	23.670000
2.438229	23.680000
2.408477	23.690000
2.378584	23.700000
2.348553	23.710000
2.318385	23.720000
2.288086	23.730000
2.257656	23.740000
2.227100	23.750000
2.196420	23.760000
2.165619	23.770000
2.134700	23.780000
2.103666	23.790000
2.072520	23.800000
2.041265	23.810000
2.009904	23.820000
1.978440	23.830000
1.946876	23.840000
1.915214	23.850000
1.883458	23.860000
1.851612	23.870000
1.819677	23.880000
1.787656	23.890000
1.755554	23.900000
1.723372	23.910000
1.691115	23.920000
1.658784	23.930000
1.626383	23.940000
1.593914	23.950000
1.561382	23.960000
1.528788	23.970000
1.496136	23.980000
1.463429	23.990000
1.430670	24.000000
1.397862	24.010000
1.365008	24.020000
1.332110	24.030000
1.299173	24.040000
1.266198	24.050000
1.233189	24.060000
1.200149	24.070000
1.167080	24.080000
1.133987	24.090000
1.100871	24.100000
1.067736	24.110000
1.034585	24.120000
1.001421	24.130000
0.968246	24.140000
0.935064	24.150000
0.901878	24.160000
0.868690	24.170000
0.835504	24.180000
0.802322	24.190000
0.769148	24.200000
0.735984	24.210000
0.702833	24.220000
0.669699	24.230000
0.636583	24.240000
0.603490	24.250000
0.570421	24.260000
0.537380	24.270000
0.504370	24.280000
0.471393	24.290000
0.438453	24.300000
0.405552	24.310000
0.372693	24.320000
0.339879	24.330000
0.307112	24.340000
0.274397	24.350000
0.241734	24.360000
0.209128	24.370000
0.176580	24.380000
0.144094	24.390000
0.111673	24.400000
0.079319	24.410000
0.047034	24.420000
0.014823	24.430000
-0.017313	24.440000
-0.049372	24.450000
-0.081349	24.460000
-0.113243	24.470000
-0.145051	24.480000
-0.176770	24.490000
-0.208398	24.500000
-0.239932	24.510000
-0.271370	24.520000
-0.302708	24.530000
-0.333944	24.540000
-0.365076	24.550000
-0.396102	24.560000
-0.427017	24.570000
-0.457821	24.580000
-0.488511	24.590000
-0.519083	24.600000
-0.549537	24.610000
-0.579868	24.620000
-0.610075	24.630000
-0.640156	24.640000
-0.670107	24.650000
-0.699927	24.660000
-0.729614	24.670000
-0.759164	24.680000
-0.788575	24.690000
-0.817846	24.700000
-0.846973	24.710000
-0.875956	24.720000
-0.904790	24.730000
-0.933475	24.740000
-0.962007	24.750000
-0.990385	24.760000
-1.018607	24.770000
-1.046670	24.780000
-1.074572	24.790000
-1.102311	24.800000
-1.129885	24.810000
-1.157292	24.820000
-1.184530	24.830000
-1.211596	24.840000
-1.238489	24.850000
-1.265207	24.860000
-1.291748	24.870000
-1.318109	24.880000
-1.344289	24.890000
-1.370287	24.900000
-1.396099	24.910000
-1.421724	24.920000
-1.447160	24.930000
-1.472406	24.940000
-1.497460	24.950000
-1.522319	24.960000
-1.546983	24.970000
-1.571448	24.980000
-1.595715	24.990000
-1.619780	25.000000
-1.643642	25.010000
-1.667300	25.020000
-1.690752	25.030000
-1.713996	25.040000
-1.737031	25.050000
-1.759856	25.060000
-1.782467	25.070000
-1.804865	25.080000
-1.827048	25.090000
-1.849014	25.100000
-1.870761	25.110000
-1.892289	25.120000
-1.913595	25.130000
-1.934680	25.140000
-1.955540	25.150000
-1.976175	25.160000
-1.996584	25.170000
-2.016765	25.180000
-2.036717	25.190000
-2.056439	25.200000
-2.075930	25.210000
-2.095188	25.220000
-2.114212	25.230000
-2.133001	25.240000
-2.151555	25.250000
-2.169871	25.260000
-2.187950	25.270000
-2.205789	25.280000
-2.223388	25.290000
-2.240746	25.300000
-2.257863	25.310000
-2.274736	25.320000
-2.291365	25.330000
-2.307750	25.340000
-2.323889	25.350000
-2.339782	25.360000
-2.355428	25.370000
-2.370825	25.380000
-2.385974	25.390000
-2.400874	25.400000
-2.415523	25.410000
-2.429922	25.420000
-2.444069	25.430000
-2.457964	25.440000
-2.471607	25.450000
-2.484996	25.460000
-2.498132	25.470000
-2.511014	25.480000
-2.523640	25.490000
-2.536012	25.500000
-2.548128	25.510000
-2.559988	25.520000
-2.571591	25.530000
-2.582938	25.540000
-2.594027	25.550000
-2.604859	25.560000
-2.615434	25.570000
-2.625750	25.580000
-2.635808	25.590000
-2.645608	25.600000
-2.655149	25.610000
-2.664431	25.620000
-2.673455	25.630000
-2.682219	25.640000
-2.690725	25.650000
-2.698971	25.660000
-2.706958	25.670000
-2.714686	25.680000
-2.722155	25.690000
-2.729365	25.700000
-2.736316	25.710000
-2.743008	25.720000
-2.749441	25.730000
-2.755615	25.740000
-2.761531	25.750000
-2.767189	25.760000
-2.772588	25.770000
-2.777730	25.780000
-2.782614	25.790000
-2.787241	25.800000
-2.791611	25.810000
-2.795725	25.820000
-2.799582	25.830000
-2.803183	25.840000
-2.806529	25.850000
-2.809620	25.860000
-2.812457	25.870000
-2.815039	25.880000
-2.817368	25.890000
-2.819444	25.900000
-2.821268	25.910000
-2.822839	25.920000
-2.824160	25.930000
-2.825230	25.940000
-2.826050	25.950000
-2.826620	25.960000
-2.826942	25.970000
-2.827016	25.980000
-2.826843	25.990000
-2.826424	26.000000
-2.825759	26.010000
-2.824849	26.020000
-2.823696	26.030000
-2.822299	26.040000
-2.820660	26.050000
-2.818780	26.060000
-2.816659	26.070000
-2.814299	26.080000
-2.811700	26.090000
-2.808864	26.100000
-2.805791	26.110000
-2.802483	26.120000
-2.798940	26.130000
-2.795164	26.140000
-2.791156	26.150000
-2.786917	26.160000
-2.782447	26.170000
-2.777748	26.180000
-2.772822	26.190000
-2.767669	26.200000
-2.762291	26.210000
-2.756688	26.220000
-2.750863	26.230000
-2.744816	26.240000
-2.738548	26.250000
-2.732062	26.260000
-2.725358	26.270000
-2.718437	26.280000
-2.711301	26.290000
-2.703952	26.300000
-2.696390	26.310000
-2.688617	26.320000
-2.680635	26.330000
-2.672445	26.340000
-2.664048	26.350000
-2.655446	26.360000
-2.646640	26.370000
-2.637633	26.380000
-2.628424	26.390000
-2.619017	26.400000
-2.609412	26.410000
-2.599611	26.420000
-2.589616	26.430000
-2.579428	26.440000
-2.569049	26.450000
-2.558481	26.460000
-2.547724	26.470000
-2.536782	26.480000
-2.525655	26.490000
-2.514345	26.500000
-2.502854	26.510000
-2.491183	26.520000
-2.479335	26.530000
-2.467311	26.540000
-2.455112	26.550000
-2.442742	26.560000
-2.430200	26.570000
-2.417490	26.580000
-2.404613	26.590000
-2.391570	26.600000
-2.378365	26.610000
-2.364997	26.620000
-2.351470	26.630000
-2.337785	26.640000
-2.323944	26.650000
-2.309949	26.660000
-2.295802	26.670000
-2.281504	26.680000
-2.267059	26.690000
-2.252466	26.700000
-2.237729	26.710000
-2.222850	26.720000
-2.207830	26.730000
-2.192671	26.740000
-2.177376	26.750000
-2.161946	26.760000
-2.146383	26.770000
-2.130690	26.780000
-2.114868	26.790000
-2.098919	26.800000
-2.082845	26.810000
-2.066649	26.820000
-2.050332	26.830000
-2.033896	26.840000
-2.017344	26.850000
-2.000677	26.860000
-1.983898	26.870000
-1.967009	26.880000
-1.950011	26.890000
-1.932907	26.900000
-1.915699	26.910000
-1.898388	26.920000
-1.880978	26.930000
-1.863469	26.940000
-1.845865	26.950000
-1.828167	26.960000
-1.810378	26.970000
-1.792499	26.980000
-1.774532	26.990000
-1.756480	27.000000
-1.738345	27.010000
-1.720129	27.020000
-1.701834	27.030000
-1.683462	27.040000
-1.665016	27.050000
-1.646496	27.060000
-1.627907	27.070000
-1.609249	27.080000
-1.590524	27.090000
-1.571736	27.100000
-1.552886	27.110000
-1.533975	27.120000
-1.515007	27.130000
-1.495984	27.140000
-1.476907	27.150000
-1.457778	27.160000
-1.438601	27.170000
-1.419376	27.180000
-1.400107	27.190000
-1.380794	27.200000
-1.361441	27.210000
-1.342049	27.220000
-1.322621	27.230000
-1.303158	27.240000
-1.283663	27.250000
-1.264137	27.260000
-1.244584	27.270000
-1.225005	27.280000
-1.205401	27.290000
-1.185776	27.300000
-1.166132	27.310000
-1.146469	27.320000
-1.126791	27.330000
-1.107100	27.340000
-1.087397	27.350000
-1.067685	27.360000
-1.047965	27.370000
-1.028240	27.380000
-1.008513	27.390000
-0.988783	27.400000
-0.969055	27.410000
-0.949330	27.420000
-0.929609	27.430000
-0.909896	27.440000
-0.890191	27.450000
-0.870497	27.460000
-0.850817	27.470000
-0.831151	27.480000
-0.811502	27.490000
-0.791872	27.500000
-0.772263	27.510000
-0.752676	27.520000
-0.733114	27.530000
-0.713579	27.540000
-0.694072	27.550000
-0.674596	27.560000
-0.655152	27.570000
-0.635743	27.580000
-0.616369	27.590000
-0.597034	27.600000
-0.577739	27.610000
-0.558485	27.620000
-0.539275	27.630000
-0.520110	27.640000
-0.500993	27.650000
-0.481925	27.660000
-0.462907	27.670000
-0.443942	27.680000
-0.425032	27.690000
-0.406178	27.700000
-0.387382	27.710000
-0.368645	27.720000
-0.349970	27.730000
-0.331358	27.740000
-0.312811	27.750000
-0.294331	27.760000
-0.275919	27.770000
-0.257576	27.780000
-0.239305	27.790000
-0.221108	27.800000
-0.202985	27.810000
-0.184938	27.820000
-0.166970	27.830000
-0.149081	27.840000
-0.131274	27.850000
-0.113549	27.860000
-0.095908	27.870000
-0.078353	27.880000
-0.060886	27.890000
-0.043507	27.900000
-0.026219	27.910000
-0.009022	27.920000
0.008082	27.930000
0.025090	27.940000
0.042003	27.950000
0.058818	27.960000
0.075535	27.970000
0.092151	27.980000
0.108666	27.990000
0.125077	28.000000
0.141385	28.010000
0.157586	28.020000
0.173681	28.030000
0.189668	28.040000
0.205546	28.050000
0.221312	28.060000
0.236967	28.070000
0.252509	28.080000
0.267936	28.090000
0.283249	28.100000
0.298444	28.110000
0.313522	28.120000
0.328480	28.130000
0.343319	28.140000
0.358037	28.150000
0.372633	28.160000
0.387105	28.170000
0.401453	28.180000
0.415676	28.190000
0.429773	28.200000
0.443742	28.210000
0.457584	28.220000
0.471296	28.230000
0.484878	28.240000
0.498329	28.250000
0.511648	28.260000
0.524835	28.270000
0.537888	28.280000
0.550806	28.290000
0.563590	28.300000
0.576237	28.310000
0.588747	28.320000
0.601120	28.330000
0.613355	28.340000
0.625450	28.350000
0.637406	28.360000
0.649221	28.370000
0.660896	28.380000
0.672428	28.390000
0.683818	28.400000
0.695065	28.410000
0.706169	28.420000
0.717128	28.430000
0.727943	28.440000
0.738613	28.450000
0.749137	28.460000
0.759514	28.470000
0.769745	28.480000
0.779829	28.490000
0.789765	28.500000
0.799553	28.510000
0.809193	28.520000
0.818684	28.530000
0.828026	28.540000
0.837218	28.550000
0.846261	28.560000
0.855153	28.570000
0.863895	28.580000
0.872486	28.590000
0.880927	28.600000
0.889216	28.610000
0.897354	28.620000
0.905341	28.630000
0.913176	28.640000
0.920859	28.650000
0.928390	28.660000
0.935769	28.670000
0.942996	28.680000
0.950070	28.690000
0.956992	28.700000
0.963762	28.710000
0.970380	28.720000
0.976845	28.730000
0.983158	28.740000
0.989319	28.750000
0.995328	28.760000
1.001184	28.770000
1.006888	28.780000
1.012441	28.790000
1.017841	28.800000
1.023090	28.810000
1.028188	28.820000
1.033134	28.830000
1.037929	28.840000
1.042573	28.850000
1.047067	28.860000
1.051410	28.870000
1.055604	28.880000
1.059647	28.890000
1.063541	28.900000
1.067286	28.910000
1.070882	28.920000
1.074330	28.930000
1.077630	28.940000
1.080782	28.950000
1.083787	28.960000
1.086645	28.970000
1.089357	28.980000
1.091923	28.990000
1.094344	29.000000
1.096620	29.010000
1.098751	29.020000
1.100739	29.030000
1.102583	29.040000
1.104285	29.050000
1.105845	29.060000
1.107263	29.070000
1.108541	29.080000
1.109678	29.090000
1.110676	29.100000
1.111534	29.110000
1.112255	29.120000
1.112838	29.130000
1.113284	29.140000
1.113595	29.150000
1.113770	29.160000
1.113810	29.170000
1.113717	29.180000
1.113490	29.190000
1.113132	29.200000
1.112642	29.210000
1.112021	29.220000
1.111271	29.230000
1.110392	29.240000
1.109385	29.250000
1.108251	29.260000
1.106991	29.270000
1.105605	29.280000
1.104096	29.290000
1.102463	29.300000
1.100707	29.310000
1.098830	29.320000
1.096833	29.330000
1.094716	29.340000
1.092481	29.350000
1.090128	29.360000
1.087659	29.370000
1.085074	29.380000
1.082375	29.390000
1.079563	29.400000
1.076639	29.410000
1.073604	29.420000
1.070459	29.430000
1.067205	29.440000
1.063843	29.450000
1.060375	29.460000
1.056801	29.470000
1.053123	29.480000
1.049342	29.490000
1.045459	29.500000
1.041475	29.510000
1.037392	29.520000
1.033210	29.530000
1.028931	29.540000
1.024556	29.550000
1.020087	29.560000
1.015524	29.570000
1.010869	29.580000
1.006124	29.590000
1.001288	29.600000
0.996364	29.610000
0.991353	29.620000
0.986257	29.630000
0.981076	29.640000
0.975811	29.650000
0.970465	29.660000
0.965039	29.670000
0.959533	29.680000
0.953949	29.690000
0.948289	29.700000
0.942554	29.710000
0.936745	29.720000
0.930863	29.730000
0.924911	29.740000
0.918888	29.750000
0.912798	29.760000
0.906640	29.770000
0.900417	29.780000
0.894130	29.790000
0.887780	29.800000
0.881369	29.810000
0.874898	29.820000
0.868368	29.830000
0.861781	29.840000
0.855139	29.850000
0.848442	29.860000
0.841693	29.870000
0.834892	29.880000
0.828041	29.890000
0.821142	29.900000
0.814196	29.910000
0.807204	29.920000
0.800167	29.930000
0.793088	29.940000
0.785968	29.950000
0.778808	29.960000
0.771610	29.970000
0.764374	29.980000
0.757104	29.990000
0.749799	30.000000
0.742461	30.010000
0.735093	30.020000
0.727695	30.030000
0.720268	30.040000
0.712815	30.050000
0.705337	30.060000
0.697835	30.070000
0.690310	30.080000
0.682765	30.090000
0.675200	30.100000
0.667617	30.110000
0.660018	30.120000
0.652403	30.130000
0.644775	30.140000
0.637134	30.150000
0.629483	30.160000
0.621823	30.170000
0.614154	30.180000
0.606480	30.190000
0.598800	30.200000
0.591116	30.210000
0.583431	30.220000
0.575745	30.230000
0.568059	30.240000
0.560376	30.250000
0.552696	30.260000
0.545021	30.270000
0.537352	30.280000
0.529691	30.290000
0.522039	30.300000
0.514398	30.310000
0.506769	30.320000
0.499153	30.330000
0.491551	30.340000
0.483966	30.350000
0.476398	30.360000
0.468849	30.370000
0.461320	30.380000
0.453812	30.390000
0.446327	30.400000
0.438866	30.410000
0.431431	30.420000
0.424023	30.430000
0.416642	30.440000
0.409291	30.450000
0.401970	30.460000
0.394682	30.470000
0.387427	30.480000
0.380206	30.490000
0.373021	30.500000
0.365873	30.510000
0.358764	30.520000
0.351693	30.530000
0.344664	30.540000
0.337677	30.550000
0.330732	30.560000
0.323833	30.570000
0.316978	30.580000
0.310171	30.590000
0.303411	30.600000
0.296701	30.610000
0.290040	30.620000
0.283432	30.630000
0.276875	30.640000
0.270373	30.650000
0.263925	30.660000
0.257533	30.670000
0.251198	30.680000
0.244921	30.690000
0.238703	30.700000
0.232545	30.710000
0.226449	30.720000
0.220415	30.730000
0.214444	30.740000
0.208537	30.750000
0.202696	30.760000
0.196921	30.770000
0.191213	30.780000
0.185573	30.790000
0.180003	30.800000
0.174502	30.810000
0.169073	30.820000
0.163715	30.830000
0.158431	30.840000
0.153220	30.850000
0.148084	30.860000
0.143023	30.870000
0.138039	30.880000
0.133131	30.890000
0.128302	30.900000
0.123551	30.910000
0.118880	30.920000
0.114290	30.930000
0.109780	30.940000
0.105352	30.950000
0.101007	30.960000
0.096746	30.970000
0.092568	30.980000
0.088475	30.990000
0.084467	31.000000
0.080546	31.010000
0.076711	31.020000
0.072963	31.030000
0.069304	31.040000
0.065733	31.050000
0.062251	31.060000
0.058859	31.070000
0.055557	31.080000
0.052346	31.090000
0.049227	31.100000
0.046199	31.110000
0.043264	31.120000
0.040422	31.130000
0.037673	31.140000
0.035018	31.150000
0.032457	31.160000
0.029991	31.170000
0.027619	31.180000
0.025344	31.190000
0.023164	31.200000
0.021080	31.210000
0.019093	31.220000
0.017203	31.230000
0.015410	31.240000
0.013714	31.250000
0.012116	31.260000
0.010616	31.270000
0.009215	31.280000
0.007912	31.290000
0.006707	31.300000
0.005602	31.310000
0.004595	31.320000
0.003688	31.330000
0.002880	31.340000
0.002172	31.350000
0.001563	31.360000
0.001054	31.370000
0.000645	31.380000
0.000336	31.390000
0.000127	31.400000
