0.00000000 0.0000 0.0000 0.000000
0.00785400 0.0079 0.0001 0.000031
0.01570800 0.0157 0.0002 0.000123
0.02356200 0.0236 0.0004 0.000278
0.03141600 0.0314 0.0006 0.000493
0.03927000 0.0393 0.0009 0.000771
0.04712400 0.0471 0.0013 0.001110
0.05497800 0.0549 0.0017 0.001511
0.06283200 0.0628 0.0022 0.001973
0.07068600 0.0706 0.0028 0.002496
0.07854000 0.0784 0.0034 0.003081
0.08639400 0.0862 0.0041 0.003727
0.09424800 0.0940 0.0048 0.004435
0.10210200 0.1018 0.0056 0.005203
0.10995600 0.1096 0.0065 0.006033
0.11781000 0.1173 0.0074 0.006924
0.12566400 0.1251 0.0084 0.007875
0.13351800 0.1328 0.0094 0.008887
0.14137200 0.1405 0.0105 0.009960
0.14922600 0.1482 0.0117 0.011093
0.15708000 0.1559 0.0129 0.012286
0.16493400 0.1636 0.0142 0.013540
0.17278800 0.1712 0.0155 0.014854
0.18064200 0.1789 0.0169 0.016227
0.18849600 0.1865 0.0184 0.017660
0.19635000 0.1941 0.0199 0.019153
0.20420400 0.2016 0.0215 0.020705
0.21205800 0.2091 0.0232 0.022316
0.21991200 0.2167 0.0249 0.023986
0.22776600 0.2241 0.0266 0.025715
0.23562000 0.2316 0.0284 0.027502
0.24347400 0.2390 0.0303 0.029348
0.25132800 0.2464 0.0322 0.031251
0.25918200 0.2538 0.0342 0.033213
0.26703600 0.2611 0.0363 0.035232
0.27489000 0.2684 0.0384 0.037308
0.28274400 0.2757 0.0406 0.039442
0.29059800 0.2830 0.0428 0.041632
0.29845200 0.2902 0.0451 0.043879
0.30630600 0.2973 0.0474 0.046182
0.31416000 0.3045 0.0498 0.048540
0.32201400 0.3116 0.0522 0.050955
0.32986800 0.3186 0.0547 0.053425
0.33772200 0.3256 0.0573 0.055950
0.34557600 0.3326 0.0599 0.058530
0.35343000 0.3396 0.0626 0.061164
0.36128400 0.3465 0.0653 0.063853
0.36913800 0.3533 0.0681 0.066595
0.37699200 0.3601 0.0709 0.069390
0.38484600 0.3669 0.0738 0.072239
0.39270000 0.3736 0.0767 0.075140
0.40055400 0.3803 0.0797 0.078094
0.40840800 0.3869 0.0827 0.081099
0.41626200 0.3935 0.0858 0.084157
0.42411600 0.4000 0.0890 0.087265
0.43197000 0.4065 0.0922 0.090424
0.43982400 0.4130 0.0954 0.093634
0.44767800 0.4193 0.0987 0.096894
0.45553200 0.4257 0.1021 0.100203
0.46338600 0.4319 0.1054 0.103562
0.47124000 0.4382 0.1089 0.106969
0.47909400 0.4443 0.1124 0.110425
0.48694800 0.4505 0.1159 0.113929
0.49480200 0.4565 0.1195 0.117480
0.50265600 0.4625 0.1231 0.121078
0.51051000 0.4685 0.1268 0.124723
0.51836400 0.4743 0.1305 0.128414
0.52621800 0.4802 0.1343 0.132151
0.53407200 0.4859 0.1381 0.135933
0.54192600 0.4916 0.1420 0.139759
0.54978000 0.4973 0.1459 0.143630
0.55763400 0.5029 0.1498 0.147544
0.56548800 0.5084 0.1538 0.151502
0.57334200 0.5138 0.1579 0.155503
0.58119600 0.5192 0.1619 0.159545
0.58905000 0.5246 0.1661 0.163630
0.59690400 0.5298 0.1702 0.167755
0.60475800 0.5350 0.1744 0.171922
0.61261200 0.5401 0.1787 0.176128
0.62046600 0.5452 0.1830 0.180374
0.62832000 0.5502 0.1873 0.184659
0.63617400 0.5551 0.1916 0.188983
0.64402800 0.5599 0.1960 0.193344
0.65188200 0.5647 0.2005 0.197743
0.65973600 0.5694 0.2049 0.202179
0.66759000 0.5740 0.2094 0.206651
0.67544400 0.5786 0.2140 0.211159
0.68329800 0.5831 0.2186 0.215701
0.69115200 0.5875 0.2232 0.220279
0.69900600 0.5918 0.2278 0.224890
0.70686000 0.5961 0.2325 0.229535
0.71471400 0.6003 0.2372 0.234212
0.72256800 0.6044 0.2420 0.238922
0.73042200 0.6084 0.2468 0.243663
0.73827600 0.6124 0.2516 0.248435
0.74613000 0.6162 0.2564 0.253237
0.75398400 0.6200 0.2613 0.258069
0.76183800 0.6237 0.2662 0.262930
0.76969200 0.6274 0.2711 0.267820
0.77754600 0.6309 0.2761 0.272737
0.78540000 0.6344 0.2810 0.277681
0.79325400 0.6378 0.2860 0.282652
0.80110800 0.6411 0.2911 0.287649
0.80896200 0.6443 0.2961 0.292671
0.81681600 0.6474 0.3012 0.297717
0.82467000 0.6505 0.3063 0.302787
0.83252400 0.6534 0.3115 0.307881
0.84037800 0.6563 0.3166 0.312997
0.84823200 0.6591 0.3218 0.318135
0.85608600 0.6618 0.3270 0.323294
0.86394000 0.6644 0.3322 0.328473
0.87179400 0.6670 0.3375 0.333672
0.87964800 0.6694 0.3427 0.338891
0.88750200 0.6718 0.3480 0.344128
0.89535600 0.6740 0.3533 0.349382
0.90321000 0.6762 0.3586 0.354654
0.91106400 0.6783 0.3639 0.359941
0.91891800 0.6803 0.3693 0.365245
0.92677200 0.6822 0.3746 0.370563
0.93462600 0.6840 0.3800 0.375896
0.94248000 0.6857 0.3854 0.381242
0.95033400 0.6874 0.3908 0.386601
0.95818800 0.6889 0.3962 0.391971
0.96604200 0.6904 0.4016 0.397353
0.97389600 0.6917 0.4070 0.402746
0.98175000 0.6930 0.4125 0.408148
0.98960400 0.6941 0.4179 0.413560
0.99745800 0.6952 0.4234 0.418980
1.00531200 0.6962 0.4289 0.424407
1.01316600 0.6971 0.4343 0.429841
1.02102000 0.6979 0.4398 0.435282
1.02887400 0.6986 0.4453 0.440728
1.03672800 0.6992 0.4508 0.446178
1.04458200 0.6997 0.4563 0.451633
1.05243600 0.7001 0.4618 0.457090
1.06029000 0.7004 0.4673 0.462550
1.06814400 0.7006 0.4728 0.468012
1.07599800 0.7007 0.4783 0.473474
1.08385200 0.7007 0.4838 0.478936
1.09170600 0.7006 0.4893 0.484398
1.09956000 0.7004 0.4948 0.489858
1.10741400 0.7002 0.5003 0.495316
1.11526800 0.6998 0.5058 0.500771
1.12312200 0.6993 0.5113 0.506223
1.13097600 0.6987 0.5168 0.511669
1.13883000 0.6981 0.5223 0.517111
1.14668400 0.6973 0.5277 0.522546
1.15453800 0.6964 0.5332 0.527975
1.16239200 0.6955 0.5387 0.533396
1.17024600 0.6944 0.5441 0.538808
1.17810000 0.6932 0.5496 0.544212
1.18595400 0.6920 0.5550 0.549605
1.19380800 0.6906 0.5604 0.554988
1.20166200 0.6891 0.5658 0.560359
1.20951600 0.6876 0.5712 0.565718
1.21737000 0.6859 0.5766 0.571064
1.22522400 0.6841 0.5820 0.576395
1.23307800 0.6823 0.5874 0.581713
1.24093200 0.6803 0.5927 0.587014
1.24878600 0.6782 0.5980 0.592300
1.25664000 0.6760 0.6033 0.597568
1.26449400 0.6738 0.6086 0.602819
1.27234800 0.6714 0.6139 0.608051
1.28020200 0.6689 0.6192 0.613264
1.28805600 0.6664 0.6244 0.618457
1.29591000 0.6637 0.6296 0.623628
1.30376400 0.6609 0.6348 0.628778
1.31161800 0.6580 0.6400 0.633906
1.31947200 0.6551 0.6451 0.639010
1.32732600 0.6520 0.6502 0.644090
1.33518000 0.6488 0.6553 0.649145
1.34303400 0.6456 0.6604 0.654174
1.35088800 0.6422 0.6654 0.659178
1.35874200 0.6387 0.6705 0.664154
1.36659600 0.6351 0.6754 0.669101
1.37445000 0.6315 0.6804 0.674021
1.38230400 0.6277 0.6853 0.678910
1.39015800 0.6238 0.6902 0.683770
1.39801200 0.6198 0.6951 0.688598
1.40586600 0.6158 0.6999 0.693394
1.41372000 0.6116 0.7047 0.698158
1.42157400 0.6073 0.7095 0.702888
1.42942800 0.6030 0.7143 0.707584
1.43728200 0.5985 0.7190 0.712245
1.44513600 0.5939 0.7236 0.716871
1.45299000 0.5893 0.7282 0.721460
1.46084400 0.5845 0.7328 0.726011
1.46869800 0.5797 0.7374 0.730525
1.47655200 0.5747 0.7419 0.735000
1.48440600 0.5697 0.7464 0.739435
1.49226000 0.5645 0.7508 0.743830
1.50011400 0.5593 0.7552 0.748184
1.50796800 0.5539 0.7596 0.752496
1.51582200 0.5485 0.7639 0.756766
1.52367600 0.5429 0.7681 0.760992
1.53153000 0.5373 0.7723 0.765175
1.53938400 0.5316 0.7765 0.769312
1.54723800 0.5258 0.7806 0.773404
1.55509200 0.5199 0.7847 0.777450
1.56294600 0.5138 0.7888 0.781449
1.57080000 0.5077 0.7928 0.785400
1.57865400 0.5015 0.7967 0.789303
1.58650800 0.4953 0.8006 0.793156
1.59436200 0.4889 0.8044 0.796960
1.60221600 0.4824 0.8082 0.800713
1.61007000 0.4758 0.8120 0.804414
1.61792400 0.4692 0.8156 0.808064
1.62577800 0.4624 0.8193 0.811661
1.63363200 0.4556 0.8228 0.815204
1.64148600 0.4487 0.8264 0.818693
1.64934000 0.4417 0.8298 0.822128
1.65719400 0.4346 0.8333 0.825506
1.66504800 0.4274 0.8366 0.828829
1.67290200 0.4201 0.8399 0.832095
1.68075600 0.4127 0.8431 0.835303
1.68861000 0.4052 0.8463 0.838452
1.69646400 0.3977 0.8495 0.841543
1.70431800 0.3901 0.8525 0.844574
1.71217200 0.3823 0.8555 0.847545
1.72002600 0.3745 0.8585 0.850455
1.72788000 0.3667 0.8613 0.853303
1.73573400 0.3587 0.8642 0.856089
1.74358800 0.3506 0.8669 0.858812
1.75144200 0.3425 0.8696 0.861471
1.75929600 0.3343 0.8722 0.864066
1.76715000 0.3260 0.8748 0.866597
1.77500400 0.3176 0.8773 0.869061
1.78285800 0.3091 0.8797 0.871460
1.79071200 0.3006 0.8821 0.873792
1.79856600 0.2920 0.8844 0.876057
1.80642000 0.2833 0.8866 0.878253
1.81427400 0.2745 0.8887 0.880381
1.82212800 0.2656 0.8908 0.882440
1.82998200 0.2567 0.8928 0.884429
1.83783600 0.2477 0.8948 0.886348
1.84569000 0.2386 0.8967 0.888196
1.85354400 0.2294 0.8985 0.889972
1.86139800 0.2202 0.9002 0.891676
1.86925200 0.2109 0.9019 0.893308
1.87710600 0.2015 0.9034 0.894866
1.88496000 0.1921 0.9049 0.896350
1.89281400 0.1825 0.9064 0.897761
1.90066800 0.1730 0.9077 0.899096
1.90852200 0.1633 0.9090 0.900355
1.91637600 0.1536 0.9102 0.901539
1.92423000 0.1438 0.9114 0.902646
1.93208400 0.1339 0.9124 0.903677
1.93993800 0.1240 0.9134 0.904629
1.94779200 0.1140 0.9143 0.905504
1.95564600 0.1039 0.9151 0.906300
1.96350000 0.0938 0.9158 0.907017
1.97135400 0.0836 0.9165 0.907654
1.97920800 0.0733 0.9171 0.908212
1.98706200 0.0630 0.9176 0.908689
1.99491600 0.0526 0.9180 0.909085
2.00277000 0.0422 0.9183 0.909399
2.01062400 0.0317 0.9185 0.909631
2.01847800 0.0211 0.9187 0.909782
2.02633200 0.0105 0.9188 0.909849
2.03418600 -0.0002 0.9188 0.909833
2.04204000 -0.0109 0.9187 0.909733
2.04989400 -0.0217 0.9185 0.909549
2.05774800 -0.0325 0.9183 0.909281
2.06560200 -0.0434 0.9179 0.908928
2.07345600 -0.0543 0.9175 0.908489
2.08131000 -0.0653 0.9170 0.907965
2.08916400 -0.0764 0.9164 0.907354
2.09701800 -0.0875 0.9157 0.906657
2.10487200 -0.0986 0.9149 0.905873
2.11272600 -0.1098 0.9141 0.905002
2.12058000 -0.1210 0.9131 0.904043
2.12843400 -0.1323 0.9121 0.902996
2.13628800 -0.1436 0.9110 0.901861
2.14414200 -0.1550 0.9097 0.900637
2.15199600 -0.1664 0.9084 0.899324
2.15985000 -0.1779 0.9070 0.897922
2.16770400 -0.1894 0.9056 0.896430
2.17555800 -0.2009 0.9040 0.894848
2.18341200 -0.2125 0.9023 0.893176
2.19126600 -0.2241 0.9005 0.891413
2.19912000 -0.2358 0.8987 0.889559
2.20697400 -0.2475 0.8968 0.887615
2.21482800 -0.2592 0.8947 0.885579
2.22268200 -0.2709 0.8926 0.883451
2.23053600 -0.2827 0.8904 0.881231
2.23839000 -0.2946 0.8881 0.878919
2.24624400 -0.3064 0.8856 0.876515
2.25409800 -0.3183 0.8831 0.874018
2.26195200 -0.3302 0.8806 0.871428
2.26980600 -0.3422 0.8779 0.868745
2.27766000 -0.3541 0.8751 0.865969
2.28551400 -0.3661 0.8722 0.863100
2.29336800 -0.3781 0.8692 0.860136
2.30122200 -0.3902 0.8662 0.857079
2.30907600 -0.4023 0.8630 0.853928
2.31693000 -0.4143 0.8598 0.850683
2.32478400 -0.4265 0.8564 0.847343
2.33263800 -0.4386 0.8530 0.843909
2.34049200 -0.4507 0.8494 0.840380
2.34834600 -0.4629 0.8458 0.836756
2.35620000 -0.4751 0.8421 0.833038
2.36405400 -0.4873 0.8382 0.829224
2.37190800 -0.4995 0.8343 0.825316
2.37976200 -0.5117 0.8303 0.821312
2.38761600 -0.5239 0.8262 0.817213
2.39547000 -0.5362 0.8220 0.813018
2.40332400 -0.5484 0.8177 0.808729
2.41117800 -0.5607 0.8133 0.804343
2.41903200 -0.5730 0.8088 0.799862
2.42688600 -0.5853 0.8042 0.795286
2.43474000 -0.5975 0.7995 0.790613
2.44259400 -0.6098 0.7947 0.785845
2.45044800 -0.6221 0.7898 0.780982
2.45830200 -0.6344 0.7848 0.776022
2.46615600 -0.6467 0.7797 0.770967
2.47401000 -0.6590 0.7745 0.765817
2.48186400 -0.6713 0.7693 0.760570
2.48971800 -0.6836 0.7639 0.755228
2.49757200 -0.6959 0.7584 0.749791
2.50542600 -0.7082 0.7529 0.744257
2.51328000 -0.7204 0.7472 0.738628
2.52113400 -0.7327 0.7415 0.732904
2.52898800 -0.7450 0.7356 0.727085
2.53684200 -0.7572 0.7297 0.721170
2.54469600 -0.7694 0.7236 0.715159
2.55255000 -0.7817 0.7175 0.709054
2.56040400 -0.7939 0.7113 0.702854
2.56825800 -0.8061 0.7049 0.696558
2.57611200 -0.8183 0.6985 0.690168
2.58396600 -0.8304 0.6920 0.683684
2.59182000 -0.8426 0.6854 0.677104
2.59967400 -0.8547 0.6786 0.670431
2.60752800 -0.8668 0.6718 0.663663
2.61538200 -0.8789 0.6649 0.656801
2.62323600 -0.8910 0.6579 0.649846
2.63109000 -0.9030 0.6508 0.642796
2.63894400 -0.9151 0.6437 0.635653
2.64679800 -0.9270 0.6364 0.628417
2.65465200 -0.9390 0.6290 0.621088
2.66250600 -0.9510 0.6215 0.613666
2.67036000 -0.9629 0.6140 0.606152
2.67821400 -0.9747 0.6063 0.598545
2.68606800 -0.9866 0.5986 0.590846
2.69392200 -0.9984 0.5907 0.583055
2.70177600 -1.0102 0.5828 0.575172
2.70963000 -1.0219 0.5748 0.567199
2.71748400 -1.0336 0.5666 0.559134
2.72533800 -1.0453 0.5584 0.550979
2.73319200 -1.0569 0.5501 0.542733
2.74104600 -1.0685 0.5417 0.534397
2.74890000 -1.0801 0.5333 0.525971
2.75675400 -1.0916 0.5247 0.517456
2.76460800 -1.1031 0.5160 0.508852
2.77246200 -1.1145 0.5073 0.500159
2.78031600 -1.1259 0.4984 0.491377
2.78817000 -1.1372 0.4895 0.482508
2.79602400 -1.1485 0.4805 0.473551
2.80387800 -1.1597 0.4714 0.464507
2.81173200 -1.1709 0.4622 0.455376
2.81958600 -1.1820 0.4529 0.446158
2.82744000 -1.1931 0.4435 0.436855
2.83529400 -1.2041 0.4341 0.427465
2.84314800 -1.2151 0.4245 0.417991
2.85100200 -1.2260 0.4149 0.408432
2.85885600 -1.2369 0.4052 0.398789
2.86671000 -1.2477 0.3954 0.389061
2.87456400 -1.2584 0.3855 0.379251
2.88241800 -1.2691 0.3755 0.369357
2.89027200 -1.2797 0.3655 0.359381
2.89812600 -1.2903 0.3553 0.349323
2.90598000 -1.3008 0.3451 0.339184
2.91383400 -1.3112 0.3348 0.328964
2.92168800 -1.3216 0.3244 0.318664
2.92954200 -1.3319 0.3140 0.308283
2.93739600 -1.3421 0.3034 0.297823
2.94525000 -1.3523 0.2928 0.287285
2.95310400 -1.3623 0.2821 0.276668
2.96095800 -1.3724 0.2713 0.265974
2.96881200 -1.3823 0.2605 0.255202
2.97666600 -1.3922 0.2495 0.244354
2.98452000 -1.4020 0.2385 0.233431
2.99237400 -1.4117 0.2274 0.222431
3.00022800 -1.4213 0.2163 0.211357
3.00808200 -1.4309 0.2050 0.200209
3.01593600 -1.4404 0.1937 0.188988
3.02379000 -1.4498 0.1823 0.177694
3.03164400 -1.4591 0.1709 0.166327
3.03949800 -1.4683 0.1594 0.154889
3.04735200 -1.4775 0.1478 0.143380
3.05520600 -1.4865 0.1361 0.131800
3.06306000 -1.4955 0.1243 0.120152
3.07091400 -1.5044 0.1125 0.108434
3.07876800 -1.5132 0.1006 0.096648
3.08662200 -1.5220 0.0887 0.084794
3.09447600 -1.5306 0.0767 0.072874
3.10233000 -1.5391 0.0646 0.060887
3.11018400 -1.5476 0.0524 0.048835
3.11803800 -1.5559 0.0402 0.036719
3.12589200 -1.5642 0.0279 0.024538
3.13374600 -1.5724 0.0156 0.012295
3.14160000 -1.5804 0.0031 -0.000012
3.14945400 -1.5884 -0.0093 -0.012379
3.15730800 -1.5963 -0.0219 -0.024808
3.16516200 -1.6041 -0.0345 -0.037297
3.17301600 -1.6118 -0.0471 -0.049845
3.18087000 -1.6193 -0.0598 -0.062452
3.18872400 -1.6268 -0.0726 -0.075117
3.19657800 -1.6342 -0.0855 -0.087838
3.20443200 -1.6415 -0.0983 -0.100616
3.21228600 -1.6486 -0.1113 -0.113449
3.22014000 -1.6557 -0.1243 -0.126337
3.22799400 -1.6627 -0.1374 -0.139278
3.23584800 -1.6695 -0.1505 -0.152272
3.24370200 -1.6762 -0.1636 -0.165319
3.25155600 -1.6829 -0.1769 -0.178416
3.25941000 -1.6894 -0.1901 -0.191564
3.26726400 -1.6958 -0.2034 -0.204761
3.27511800 -1.7021 -0.2168 -0.218006
3.28297200 -1.7083 -0.2302 -0.231300
3.29082600 -1.7144 -0.2437 -0.244640
3.29868000 -1.7203 -0.2572 -0.258026
3.30653400 -1.7262 -0.2708 -0.271457
3.31438800 -1.7319 -0.2844 -0.284933
3.32224200 -1.7375 -0.2980 -0.298451
3.33009600 -1.7430 -0.3117 -0.312012
3.33795000 -1.7484 -0.3254 -0.325614
3.34580400 -1.7536 -0.3392 -0.339256
3.35365800 -1.7588 -0.3530 -0.352938
3.36151200 -1.7638 -0.3669 -0.366658
3.36936600 -1.7687 -0.3808 -0.380416
3.37722000 -1.7734 -0.3947 -0.394211
3.38507400 -1.7781 -0.4087 -0.408041
3.39292800 -1.7826 -0.4227 -0.421906
3.40078200 -1.7870 -0.4367 -0.435805
3.40863600 -1.7913 -0.4508 -0.449737
3.41649000 -1.7954 -0.4649 -0.463700
3.42434400 -1.7994 -0.4790 -0.477694
3.43219800 -1.8033 -0.4932 -0.491718
3.44005200 -1.8071 -0.5073 -0.505770
3.44790600 -1.8107 -0.5216 -0.519851
3.45576000 -1.8142 -0.5358 -0.533958
3.46361400 -1.8176 -0.5501 -0.548090
3.47146800 -1.8208 -0.5644 -0.562248
3.47932200 -1.8240 -0.5787 -0.576429
3.48717600 -1.8269 -0.5931 -0.590633
3.49503000 -1.8298 -0.6074 -0.604858
3.50288400 -1.8325 -0.6218 -0.619104
3.51073800 -1.8351 -0.6362 -0.633370
3.51859200 -1.8375 -0.6507 -0.647654
3.52644600 -1.8398 -0.6651 -0.661955
3.53430000 -1.8420 -0.6796 -0.676273
3.54215400 -1.8440 -0.6941 -0.690605
3.55000800 -1.8459 -0.7086 -0.704953
3.55786200 -1.8477 -0.7231 -0.719313
3.56571600 -1.8493 -0.7376 -0.733685
3.57357000 -1.8508 -0.7521 -0.748068
3.58142400 -1.8521 -0.7667 -0.762462
3.58927800 -1.8533 -0.7812 -0.776864
3.59713200 -1.8544 -0.7958 -0.791273
3.60498600 -1.8553 -0.8104 -0.805689
3.61284000 -1.8560 -0.8250 -0.820111
3.62069400 -1.8567 -0.8395 -0.834537
3.62854800 -1.8572 -0.8541 -0.848967
3.63640200 -1.8575 -0.8687 -0.863398
3.64425600 -1.8577 -0.8833 -0.877830
3.65211000 -1.8578 -0.8979 -0.892263
3.65996400 -1.8577 -0.9125 -0.906694
3.66781800 -1.8575 -0.9271 -0.921123
3.67567200 -1.8571 -0.9417 -0.935548
3.68352600 -1.8566 -0.9562 -0.949969
3.69138000 -1.8559 -0.9708 -0.964384
3.69923400 -1.8551 -0.9854 -0.978792
3.70708800 -1.8541 -1.0000 -0.993192
3.71494200 -1.8530 -1.0145 -1.007583
3.72279600 -1.8518 -1.0291 -1.021964
3.73065000 -1.8504 -1.0436 -1.036333
3.73850400 -1.8488 -1.0581 -1.050689
3.74635800 -1.8471 -1.0726 -1.065032
3.75421200 -1.8453 -1.0871 -1.079359
3.76206600 -1.8433 -1.1016 -1.093671
3.76992000 -1.8411 -1.1160 -1.107965
3.77777400 -1.8388 -1.1305 -1.122241
3.78562800 -1.8364 -1.1449 -1.136497
3.79348200 -1.8338 -1.1593 -1.150733
3.80133600 -1.8310 -1.1737 -1.164946
3.80919000 -1.8281 -1.1880 -1.179137
3.81704400 -1.8251 -1.2024 -1.193303
3.82489800 -1.8219 -1.2167 -1.207443
3.83275200 -1.8185 -1.2310 -1.221557
3.84060600 -1.8150 -1.2452 -1.235643
3.84846000 -1.8114 -1.2595 -1.249701
3.85631400 -1.8076 -1.2737 -1.263728
3.86416800 -1.8036 -1.2878 -1.277723
3.87202200 -1.7995 -1.3020 -1.291686
3.87987600 -1.7952 -1.3161 -1.305616
3.88773000 -1.7908 -1.3301 -1.319510
3.89558400 -1.7862 -1.3441 -1.333368
3.90343800 -1.7815 -1.3581 -1.347189
3.91129200 -1.7766 -1.3721 -1.360972
3.91914600 -1.7716 -1.3860 -1.374715
3.92700000 -1.7664 -1.3999 -1.388417
3.93485400 -1.7611 -1.4137 -1.402077
3.94270800 -1.7556 -1.4275 -1.415694
3.95056200 -1.7500 -1.4412 -1.429266
3.95841600 -1.7442 -1.4549 -1.442793
3.96627000 -1.7382 -1.4686 -1.456273
3.97412400 -1.7321 -1.4822 -1.469705
3.98197800 -1.7259 -1.4958 -1.483088
3.98983200 -1.7195 -1.5093 -1.496421
3.99768600 -1.7129 -1.5227 -1.509702
4.00554000 -1.7062 -1.5361 -1.522930
4.01339400 -1.6994 -1.5495 -1.536105
4.02124800 -1.6924 -1.5628 -1.549224
4.02910200 -1.6852 -1.5760 -1.562288
4.03695600 -1.6779 -1.5892 -1.575294
4.04481000 -1.6704 -1.6023 -1.588241
4.05266400 -1.6628 -1.6153 -1.601128
4.06051800 -1.6550 -1.6283 -1.613955
4.06837200 -1.6471 -1.6413 -1.626719
4.07622600 -1.6390 -1.6542 -1.639420
4.08408000 -1.6308 -1.6670 -1.652057
4.09193400 -1.6224 -1.6797 -1.664627
4.09978800 -1.6139 -1.6924 -1.677131
4.10764200 -1.6052 -1.7050 -1.689568
4.11549600 -1.5964 -1.7175 -1.701935
4.12335000 -1.5874 -1.7300 -1.714231
4.13120400 -1.5783 -1.7424 -1.726456
4.13905800 -1.5690 -1.7547 -1.738609
4.14691200 -1.5596 -1.7670 -1.750688
4.15476600 -1.5500 -1.7791 -1.762691
4.16262000 -1.5403 -1.7912 -1.774619
4.17047400 -1.5304 -1.8033 -1.786470
4.17832800 -1.5204 -1.8152 -1.798242
4.18618200 -1.5103 -1.8271 -1.809934
4.19403600 -1.4999 -1.8388 -1.821546
4.20189000 -1.4895 -1.8505 -1.833076
4.20974400 -1.4789 -1.8621 -1.844523
4.21759800 -1.4681 -1.8737 -1.855886
4.22545200 -1.4572 -1.8851 -1.867164
4.23330600 -1.4462 -1.8965 -1.878356
4.24116000 -1.4350 -1.9078 -1.889460
4.24901400 -1.4237 -1.9189 -1.900476
4.25686800 -1.4122 -1.9300 -1.911402
4.26472200 -1.4006 -1.9410 -1.922237
4.27257600 -1.3888 -1.9519 -1.932980
4.28043000 -1.3769 -1.9627 -1.943631
4.28828400 -1.3649 -1.9735 -1.954187
4.29613800 -1.3527 -1.9841 -1.964648
4.30399200 -1.3404 -1.9946 -1.975013
4.31184600 -1.3279 -2.0050 -1.985280
4.31970000 -1.3153 -2.0154 -1.995450
4.32755400 -1.3026 -2.0256 -2.005519
4.33540800 -1.2897 -2.0357 -2.015488
4.34326200 -1.2767 -2.0458 -2.025356
4.35111600 -1.2635 -2.0557 -2.035121
4.35897000 -1.2502 -2.0655 -2.044782
4.36682400 -1.2368 -2.0752 -2.054338
4.37467800 -1.2232 -2.0848 -2.063788
4.38253200 -1.2095 -2.0943 -2.073132
4.39038600 -1.1957 -2.1037 -2.082368
4.39824000 -1.1817 -2.1130 -2.091494
4.40609400 -1.1677 -2.1222 -2.100511
4.41394800 -1.1534 -2.1312 -2.109417
4.42180200 -1.1391 -2.1402 -2.118211
4.42965600 -1.1246 -2.1490 -2.126892
4.43751000 -1.1100 -2.1577 -2.135459
4.44536400 -1.0952 -2.1663 -2.143911
4.45321800 -1.0803 -2.1748 -2.152246
4.46107200 -1.0653 -2.1832 -2.160465
4.46892600 -1.0502 -2.1914 -2.168566
4.47678000 -1.0350 -2.1996 -2.176549
4.48463400 -1.0196 -2.2076 -2.184411
4.49248800 -1.0041 -2.2155 -2.192152
4.50034200 -0.9885 -2.2232 -2.199772
4.50819600 -0.9727 -2.2309 -2.207269
4.51605000 -0.9568 -2.2384 -2.214642
4.52390400 -0.9408 -2.2458 -2.221891
4.53175800 -0.9247 -2.2530 -2.229014
4.53961200 -0.9085 -2.2602 -2.236011
4.54746600 -0.8922 -2.2672 -2.242881
4.55532000 -0.8757 -2.2740 -2.249622
4.56317400 -0.8591 -2.2808 -2.256234
4.57102800 -0.8424 -2.2874 -2.262716
4.57888200 -0.8256 -2.2939 -2.269068
4.58673600 -0.8087 -2.3002 -2.275287
4.59459000 -0.7917 -2.3065 -2.281374
4.60244400 -0.7745 -2.3125 -2.287328
4.61029800 -0.7573 -2.3185 -2.293147
4.61815200 -0.7399 -2.3243 -2.298831
4.62600600 -0.7224 -2.3300 -2.304379
4.63386000 -0.7049 -2.3355 -2.309790
4.64171400 -0.6872 -2.3409 -2.315063
4.64956800 -0.6694 -2.3462 -2.320198
4.65742200 -0.6515 -2.3513 -2.325194
4.66527600 -0.6335 -2.3563 -2.330050
4.67313000 -0.6154 -2.3611 -2.334765
4.68098400 -0.5972 -2.3658 -2.339338
4.68883800 -0.5789 -2.3703 -2.343769
4.69669200 -0.5605 -2.3747 -2.348057
4.70454600 -0.5420 -2.3790 -2.352201
4.71240000 -0.5234 -2.3831 -2.356200
4.72025400 -0.5048 -2.3871 -2.360054
4.72810800 -0.4860 -2.3909 -2.363762
4.73596200 -0.4671 -2.3946 -2.367323
4.74381600 -0.4481 -2.3981 -2.370737
4.75167000 -0.4291 -2.4014 -2.374002
4.75952400 -0.4099 -2.4047 -2.377119
4.76737800 -0.3907 -2.4077 -2.380086
4.77523200 -0.3714 -2.4106 -2.382903
4.78308600 -0.3520 -2.4134 -2.385569
4.79094000 -0.3325 -2.4160 -2.388083
4.79879400 -0.3129 -2.4185 -2.390446
4.80664800 -0.2933 -2.4208 -2.392655
4.81450200 -0.2735 -2.4229 -2.394712
4.82235600 -0.2537 -2.4249 -2.396614
4.83021000 -0.2338 -2.4268 -2.398361
4.83806400 -0.2139 -2.4284 -2.399954
4.84591800 -0.1938 -2.4300 -2.401390
4.85377200 -0.1737 -2.4313 -2.402671
4.86162600 -0.1535 -2.4325 -2.403794
4.86948000 -0.1333 -2.4336 -2.404760
4.87733400 -0.1129 -2.4345 -2.405568
4.88518800 -0.0925 -2.4352 -2.406217
4.89304200 -0.0720 -2.4358 -2.406708
4.90089600 -0.0515 -2.4362 -2.407039
4.90875000 -0.0309 -2.4364 -2.407209
4.91660400 -0.0102 -2.4365 -2.407220
4.92445800 0.0105 -2.4364 -2.407069
4.93231200 0.0313 -2.4362 -2.406757
4.94016600 0.0521 -2.4358 -2.406283
4.94802000 0.0730 -2.4352 -2.405646
4.95587400 0.0940 -2.4344 -2.404847
4.96372800 0.1150 -2.4335 -2.403885
4.97158200 0.1361 -2.4325 -2.402758
4.97943600 0.1572 -2.4312 -2.401468
4.98729000 0.1784 -2.4298 -2.400014
4.99514400 0.1996 -2.4283 -2.398394
5.00299800 0.2209 -2.4265 -2.396610
5.01085200 0.2422 -2.4246 -2.394660
5.01870600 0.2636 -2.4226 -2.392544
5.02656000 0.2850 -2.4203 -2.390262
5.03441400 0.3065 -2.4179 -2.387814
5.04226800 0.3279 -2.4153 -2.385198
5.05012200 0.3495 -2.4126 -2.382416
5.05797600 0.3711 -2.4097 -2.379466
5.06583000 0.3927 -2.4066 -2.376349
5.07368400 0.4143 -2.4033 -2.373063
5.08153800 0.4360 -2.3999 -2.369609
5.08939200 0.4577 -2.3963 -2.365987
5.09724600 0.4794 -2.3926 -2.362197
5.10510000 0.5012 -2.3886 -2.358237
5.11295400 0.5230 -2.3845 -2.354108
5.12080800 0.5448 -2.3802 -2.349810
5.12866200 0.5667 -2.3758 -2.345343
5.13651600 0.5885 -2.3712 -2.340706
5.14437000 0.6104 -2.3664 -2.335899
5.15222400 0.6323 -2.3614 -2.330923
5.16007800 0.6543 -2.3563 -2.325776
5.16793200 0.6762 -2.3509 -2.320459
5.17578600 0.6982 -2.3455 -2.314972
5.18364000 0.7202 -2.3398 -2.309314
5.19149400 0.7421 -2.3340 -2.303486
5.19934800 0.7641 -2.3280 -2.297488
5.20720200 0.7861 -2.3218 -2.291319
5.21505600 0.8082 -2.3155 -2.284979
5.22291000 0.8302 -2.3089 -2.278468
5.23076400 0.8522 -2.3022 -2.271787
5.23861800 0.8742 -2.2954 -2.264936
5.24647200 0.8963 -2.2883 -2.257913
5.25432600 0.9183 -2.2811 -2.250720
5.26218000 0.9403 -2.2737 -2.243356
5.27003400 0.9623 -2.2662 -2.235822
5.27788800 0.9843 -2.2584 -2.228117
5.28574200 1.0063 -2.2505 -2.220241
5.29359600 1.0283 -2.2425 -2.212195
5.30145000 1.0503 -2.2342 -2.203979
5.30930400 1.0723 -2.2258 -2.195593
5.31715800 1.0943 -2.2172 -2.187036
5.32501200 1.1162 -2.2084 -2.178309
5.33286600 1.1381 -2.1995 -2.169413
5.34072000 1.1601 -2.1904 -2.160347
5.34857400 1.1819 -2.1811 -2.151111
5.35642800 1.2038 -2.1716 -2.141707
5.36428200 1.2257 -2.1620 -2.132132
5.37213600 1.2475 -2.1522 -2.122389
5.37999000 1.2693 -2.1423 -2.112478
5.38784400 1.2910 -2.1321 -2.102397
5.39569800 1.3128 -2.1218 -2.092149
5.40355200 1.3345 -2.1113 -2.081732
5.41140600 1.3562 -2.1007 -2.071148
5.41926000 1.3778 -2.0899 -2.060397
5.42711400 1.3994 -2.0789 -2.049478
5.43496800 1.4210 -2.0677 -2.038392
5.44282200 1.4425 -2.0564 -2.027140
5.45067600 1.4640 -2.0449 -2.015721
5.45853000 1.4854 -2.0332 -2.004137
5.46638400 1.5068 -2.0214 -1.992387
5.47423800 1.5281 -2.0094 -1.980472
5.48209200 1.5494 -1.9972 -1.968393
5.48994600 1.5707 -1.9849 -1.956149
5.49780000 1.5919 -1.9724 -1.943741
5.50565400 1.6130 -1.9597 -1.931169
5.51350800 1.6341 -1.9469 -1.918435
5.52136200 1.6551 -1.9339 -1.905538
5.52921600 1.6761 -1.9207 -1.892478
5.53707000 1.6970 -1.9074 -1.879257
5.54492400 1.7179 -1.8939 -1.865875
5.55277800 1.7387 -1.8802 -1.852332
5.56063200 1.7594 -1.8664 -1.838629
5.56848600 1.7800 -1.8524 -1.824766
5.57634000 1.8006 -1.8383 -1.810744
5.58419400 1.8212 -1.8240 -1.796563
5.59204800 1.8416 -1.8095 -1.782225
5.59990200 1.8620 -1.7949 -1.767728
5.60775600 1.8823 -1.7801 -1.753075
5.61561000 1.9025 -1.7652 -1.738266
5.62346400 1.9227 -1.7501 -1.723301
5.63131800 1.9427 -1.7348 -1.708181
5.63917200 1.9627 -1.7194 -1.692907
5.64702600 1.9826 -1.7038 -1.677479
5.65488000 2.0024 -1.6881 -1.661897
5.66273400 2.0222 -1.6722 -1.646164
5.67058800 2.0418 -1.6562 -1.630278
5.67844200 2.0614 -1.6400 -1.614242
5.68629600 2.0809 -1.6236 -1.598055
5.69415000 2.1002 -1.6071 -1.581719
5.70200400 2.1195 -1.5905 -1.565233
5.70985800 2.1387 -1.5737 -1.548600
5.71771200 2.1578 -1.5568 -1.531819
5.72556600 2.1768 -1.5397 -1.514892
5.73342000 2.1957 -1.5224 -1.497819
5.74127400 2.2145 -1.5050 -1.480601
5.74912800 2.2332 -1.4875 -1.463239
5.75698200 2.2517 -1.4698 -1.445733
5.76483600 2.2702 -1.4520 -1.428085
5.77269000 2.2886 -1.4340 -1.410295
5.78054400 2.3068 -1.4159 -1.392365
5.78839800 2.3250 -1.3976 -1.374294
5.79625200 2.3430 -1.3792 -1.356085
5.80410600 2.3609 -1.3607 -1.337737
5.81196000 2.3787 -1.3420 -1.319252
5.81981400 2.3964 -1.3232 -1.300631
5.82766800 2.4140 -1.3042 -1.281874
5.83552200 2.4314 -1.2851 -1.262983
5.84337600 2.4487 -1.2659 -1.243958
5.85123000 2.4659 -1.2465 -1.224801
5.85908400 2.4830 -1.2270 -1.205512
5.86693800 2.5000 -1.2074 -1.186093
5.87479200 2.5168 -1.1876 -1.166544
5.88264600 2.5335 -1.1677 -1.146866
5.89050000 2.5500 -1.1477 -1.127061
5.89835400 2.5665 -1.1275 -1.107129
5.90620800 2.5828 -1.1072 -1.087072
5.91406200 2.5989 -1.0868 -1.066891
5.92191600 2.6149 -1.0663 -1.046586
5.92977000 2.6308 -1.0456 -1.026159
5.93762400 2.6466 -1.0248 -1.005610
5.94547800 2.6622 -1.0039 -0.984942
5.95333200 2.6776 -0.9829 -0.964155
5.96118600 2.6929 -0.9617 -0.943250
5.96904000 2.7081 -0.9405 -0.922228
5.97689400 2.7231 -0.9191 -0.901090
5.98474800 2.7380 -0.8976 -0.879839
5.99260200 2.7527 -0.8760 -0.858474
6.00045600 2.7673 -0.8542 -0.836997
6.00831000 2.7817 -0.8324 -0.815409
6.01616400 2.7960 -0.8104 -0.793711
6.02401800 2.8101 -0.7884 -0.771905
6.03187200 2.8241 -0.7662 -0.749992
6.03972600 2.8379 -0.7439 -0.727972
6.04758000 2.8515 -0.7215 -0.705848
6.05543400 2.8650 -0.6990 -0.683621
6.06328800 2.8783 -0.6764 -0.661291
6.07114200 2.8915 -0.6537 -0.638860
6.07899600 2.9045 -0.6309 -0.616329
6.08685000 2.9173 -0.6079 -0.593700
6.09470400 2.9299 -0.5849 -0.570974
6.10255800 2.9424 -0.5618 -0.548152
6.11041200 2.9547 -0.5386 -0.525236
6.11826600 2.9669 -0.5153 -0.502226
6.12612000 2.9789 -0.4919 -0.479125
6.13397400 2.9907 -0.4684 -0.455933
6.14182800 3.0023 -0.4449 -0.432652
6.14968200 3.0138 -0.4212 -0.409283
6.15753600 3.0250 -0.3974 -0.385828
6.16539000 3.0361 -0.3736 -0.362288
6.17324400 3.0471 -0.3496 -0.338664
6.18109800 3.0578 -0.3256 -0.314958
6.18895200 3.0684 -0.3015 -0.291171
6.19680600 3.0787 -0.2773 -0.267305
6.20466000 3.0889 -0.2531 -0.243361
6.21251400 3.0989 -0.2288 -0.219341
6.22036800 3.1088 -0.2043 -0.195245
6.22822200 3.1184 -0.1798 -0.171076
6.23607600 3.1278 -0.1553 -0.146834
6.24393000 3.1371 -0.1306 -0.122522
6.25178400 3.1462 -0.1059 -0.098141
6.25963800 3.1550 -0.0811 -0.073692
6.26749200 3.1637 -0.0563 -0.049177
6.27534600 3.1722 -0.0314 -0.024597
6.28320000 3.1805 -0.0064 0.000046
6.29105400 3.1886 0.0186 0.024751
6.29890800 3.1965 0.0437 0.049516
6.30676200 3.2042 0.0689 0.074339
6.31461600 3.2117 0.0941 0.099220
6.32247000 3.2190 0.1194 0.124156
6.33032400 3.2262 0.1448 0.149146
6.33817800 3.2331 0.1701 0.174189
6.34603200 3.2398 0.1956 0.199282
6.35388600 3.2463 0.2211 0.224425
6.36174000 3.2526 0.2466 0.249615
6.36959400 3.2587 0.2722 0.274852
6.37744800 3.2645 0.2979 0.300133
6.38530200 3.2702 0.3236 0.325457
6.39315600 3.2757 0.3493 0.350822
6.40101000 3.2810 0.3750 0.376227
6.40886400 3.2860 0.4009 0.401669
6.41671800 3.2909 0.4267 0.427149
6.42457200 3.2955 0.4526 0.452663
6.43242600 3.2999 0.4785 0.478210
6.44028000 3.3041 0.5045 0.503789
6.44813400 3.3081 0.5304 0.529397
6.45598800 3.3119 0.5564 0.555034
6.46384200 3.3155 0.5825 0.580697
6.47169600 3.3189 0.6086 0.606386
6.47955000 3.3220 0.6346 0.632097
6.48740400 3.3249 0.6608 0.657830
6.49525800 3.3276 0.6869 0.683582
6.50311200 3.3301 0.7130 0.709353
6.51096600 3.3324 0.7392 0.735140
6.51882000 3.3344 0.7654 0.760942
6.52667400 3.3363 0.7916 0.786758
6.53452800 3.3379 0.8178 0.812584
6.54238200 3.3393 0.8441 0.838420
6.55023600 3.3404 0.8703 0.864264
6.55809000 3.3414 0.8965 0.890114
6.56594400 3.3421 0.9228 0.915968
6.57379800 3.3426 0.9490 0.941826
6.58165200 3.3429 0.9753 0.967684
6.58950600 3.3429 1.0015 0.993542
6.59736000 3.3428 1.0278 1.019397
6.60521400 3.3424 1.0541 1.045247
6.61306800 3.3417 1.0803 1.071092
6.62092200 3.3409 1.1065 1.096930
6.62877600 3.3398 1.1328 1.122757
6.63663000 3.3385 1.1590 1.148574
6.64448400 3.3370 1.1852 1.174377
6.65233800 3.3352 1.2114 1.200166
6.66019200 3.3333 1.2376 1.225938
6.66804600 3.3310 1.2637 1.251692
6.67590000 3.3286 1.2899 1.277426
6.68375400 3.3259 1.3160 1.303138
6.69160800 3.3230 1.3421 1.328827
6.69946200 3.3199 1.3682 1.354490
6.70731600 3.3165 1.3942 1.380126
6.71517000 3.3130 1.4202 1.405734
6.72302400 3.3091 1.4462 1.431310
6.73087800 3.3051 1.4722 1.456854
6.73873200 3.3008 1.4981 1.482364
6.74658600 3.2963 1.5240 1.507837
6.75444000 3.2916 1.5499 1.533273
6.76229400 3.2866 1.5757 1.558670
6.77014800 3.2814 1.6014 1.584024
6.77800200 3.2760 1.6272 1.609336
6.78585600 3.2703 1.6529 1.634603
6.79371000 3.2644 1.6785 1.659823
6.80156400 3.2583 1.7041 1.684994
6.80941800 3.2519 1.7296 1.710115
6.81727200 3.2453 1.7551 1.735184
6.82512600 3.2385 1.7805 1.760199
6.83298000 3.2314 1.8059 1.785158
6.84083400 3.2241 1.8312 1.810059
6.84868800 3.2166 1.8565 1.834902
6.85654200 3.2089 1.8817 1.859683
6.86439600 3.2009 1.9069 1.884401
6.87225000 3.1927 1.9319 1.909055
6.88010400 3.1842 1.9569 1.933642
6.88795800 3.1756 1.9819 1.958161
6.89581200 3.1666 2.0068 1.982610
6.90366600 3.1575 2.0315 2.006987
6.91152000 3.1481 2.0563 2.031290
6.91937400 3.1385 2.0809 2.055518
6.92722800 3.1287 2.1055 2.079669
6.93508200 3.1186 2.1300 2.103741
6.94293600 3.1083 2.1544 2.127732
6.95079000 3.0978 2.1787 2.151640
6.95864400 3.0871 2.2030 2.175465
6.96649800 3.0761 2.2271 2.199203
6.97435200 3.0649 2.2512 2.222853
6.98220600 3.0534 2.2752 2.246414
6.99006000 3.0418 2.2991 2.269884
6.99791400 3.0299 2.3229 2.293260
7.00576800 3.0177 2.3466 2.316542
7.01362200 3.0054 2.3702 2.339727
7.02147600 2.9928 2.3937 2.362813
7.02933000 2.9800 2.4171 2.385800
7.03718400 2.9670 2.4404 2.408684
7.04503800 2.9537 2.4636 2.431465
7.05289200 2.9402 2.4867 2.454141
7.06074600 2.9265 2.5097 2.476709
7.06860000 2.9126 2.5325 2.499169
7.07645400 2.8984 2.5553 2.521518
7.08430800 2.8840 2.5780 2.543755
7.09216200 2.8694 2.6005 2.565878
7.10001600 2.8546 2.6229 2.587885
7.10787000 2.8396 2.6452 2.609775
7.11572400 2.8243 2.6674 2.631545
7.12357800 2.8088 2.6895 2.653195
7.13143200 2.7931 2.7114 2.674722
7.13928600 2.7772 2.7332 2.696125
7.14714000 2.7610 2.7549 2.717403
7.15499400 2.7447 2.7765 2.738552
7.16284800 2.7281 2.7979 2.759573
7.17070200 2.7113 2.8192 2.780462
7.17855600 2.6943 2.8403 2.801219
7.18641000 2.6770 2.8614 2.821842
7.19426400 2.6596 2.8823 2.842329
7.20211800 2.6419 2.9030 2.862678
7.20997200 2.6240 2.9236 2.882888
7.21782600 2.6060 2.9441 2.902958
7.22568000 2.5877 2.9644 2.922885
7.23353400 2.5692 2.9846 2.942668
7.24138800 2.5504 3.0046 2.962305
7.24924200 2.5315 3.0245 2.981795
7.25709600 2.5124 3.0442 3.001136
7.26495000 2.4930 3.0638 3.020327
7.27280400 2.4735 3.0832 3.039366
7.28065800 2.4537 3.1025 3.058251
7.28851200 2.4338 3.1216 3.076980
7.29636600 2.4136 3.1406 3.095553
7.30422000 2.3933 3.1594 3.113968
7.31207400 2.3727 3.1780 3.132223
7.31992800 2.3519 3.1965 3.150317
7.32778200 2.3310 3.2148 3.168247
7.33563600 2.3098 3.2329 3.186013
7.34349000 2.2885 3.2509 3.203614
7.35134400 2.2669 3.2687 3.221046
7.35919800 2.2452 3.2863 3.238310
7.36705200 2.2232 3.3038 3.255403
7.37490600 2.2011 3.3211 3.272325
7.38276000 2.1788 3.3382 3.289073
7.39061400 2.1562 3.3551 3.305646
7.39846800 2.1335 3.3719 3.322042
7.40632200 2.1106 3.3885 3.338261
7.41417600 2.0876 3.4049 3.354301
7.42203000 2.0643 3.4211 3.370160
7.42988400 2.0408 3.4371 3.385837
7.43773800 2.0172 3.4529 3.401330
7.44559200 1.9934 3.4686 3.416639
7.45344600 1.9694 3.4841 3.431761
7.46130000 1.9452 3.4993 3.446696
7.46915400 1.9208 3.5144 3.461442
7.47700800 1.8963 3.5293 3.475997
7.48486200 1.8716 3.5440 3.490361
7.49271600 1.8467 3.5585 3.504531
7.50057000 1.8216 3.5728 3.518508
7.50842400 1.7964 3.5869 3.532288
7.51627800 1.7710 3.6009 3.545872
7.52413200 1.7454 3.6146 3.559257
7.53198600 1.7197 3.6281 3.572443
7.53984000 1.6938 3.6414 3.585428
7.54769400 1.6677 3.6545 3.598210
7.55554800 1.6415 3.6674 3.610790
7.56340200 1.6151 3.6801 3.623164
7.57125600 1.5886 3.6925 3.635333
7.57911000 1.5618 3.7048 3.647295
7.58696400 1.5350 3.7169 3.659049
7.59481800 1.5079 3.7287 3.670593
7.60267200 1.4808 3.7403 3.681927
7.61052600 1.4534 3.7517 3.693049
7.61838000 1.4260 3.7629 3.703958
7.62623400 1.3983 3.7739 3.714652
7.63408800 1.3705 3.7847 3.725132
7.64194200 1.3426 3.7952 3.735395
7.64979600 1.3145 3.8056 3.745441
7.65765000 1.2863 3.8157 3.755269
7.66550400 1.2580 3.8255 3.764876
7.67335800 1.2295 3.8352 3.774263
7.68121200 1.2008 3.8446 3.783429
7.68906600 1.1721 3.8538 3.792371
7.69692000 1.1432 3.8628 3.801090
7.70477400 1.1141 3.8716 3.809584
7.71262800 1.0849 3.8801 3.817852
7.72048200 1.0556 3.8884 3.825893
7.72833600 1.0262 3.8964 3.833707
7.73619000 0.9967 3.9043 3.841291
7.74404400 0.9670 3.9119 3.848646
7.75189800 0.9372 3.9192 3.855771
7.75975200 0.9073 3.9263 3.862664
7.76760600 0.8772 3.9332 3.869324
7.77546000 0.8471 3.9399 3.875751
7.78331400 0.8168 3.9463 3.881944
7.79116800 0.7864 3.9525 3.887901
7.79902200 0.7559 3.9584 3.893623
7.80687600 0.7253 3.9641 3.899108
7.81473000 0.6946 3.9696 3.904355
7.82258400 0.6637 3.9748 3.909364
7.83043800 0.6328 3.9797 3.914134
7.83829200 0.6018 3.9845 3.918664
7.84614600 0.5706 3.9890 3.922953
7.85400000 0.5394 3.9932 3.927000
7.86185400 0.5081 3.9972 3.930805
7.86970800 0.4767 4.0009 3.934367
7.87756200 0.4451 4.0044 3.937686
7.88541600 0.4135 4.0077 3.940760
7.89327000 0.3818 4.0107 3.943589
7.90112400 0.3500 4.0134 3.946173
7.90897800 0.3182 4.0159 3.948510
7.91683200 0.2862 4.0182 3.950600
7.92468600 0.2542 4.0202 3.952443
7.93254000 0.2221 4.0219 3.954038
7.94039400 0.1899 4.0234 3.955383
7.94824800 0.1576 4.0246 3.956480
7.95610200 0.1253 4.0256 3.957326
7.96395600 0.0929 4.0263 3.957923
7.97181000 0.0604 4.0268 3.958268
7.97966400 0.0278 4.0270 3.958362
7.98751800 -0.0048 4.0270 3.958204
7.99537200 -0.0374 4.0267 3.957793
8.00322600 -0.0702 4.0262 3.957130
8.01108000 -0.1030 4.0253 3.956213
8.01893400 -0.1358 4.0243 3.955043
8.02678800 -0.1687 4.0230 3.953619
8.03464200 -0.2017 4.0214 3.951940
8.04249600 -0.2347 4.0195 3.950006
8.05035000 -0.2677 4.0174 3.947818
8.05820400 -0.3009 4.0151 3.945373
8.06605800 -0.3340 4.0124 3.942673
8.07391200 -0.3672 4.0096 3.939716
8.08176600 -0.4004 4.0064 3.936503
8.08962000 -0.4337 4.0030 3.933034
8.09747400 -0.4670 3.9993 3.929307
8.10532800 -0.5003 3.9954 3.925323
8.11318200 -0.5337 3.9912 3.921082
8.12103600 -0.5671 3.9868 3.916582
8.12889000 -0.6005 3.9820 3.911825
8.13674400 -0.6339 3.9771 3.906810
8.14459800 -0.6674 3.9718 3.901537
8.15245200 -0.7009 3.9663 3.896005
8.16030600 -0.7344 3.9606 3.890215
8.16816000 -0.7679 3.9545 3.884167
8.17601400 -0.8014 3.9482 3.877859
8.18386800 -0.8350 3.9417 3.871293
8.19172200 -0.8685 3.9348 3.864469
8.19957600 -0.9021 3.9278 3.857385
8.20743000 -0.9357 3.9204 3.850043
8.21528400 -0.9692 3.9128 3.842441
8.22313800 -1.0028 3.9049 3.834581
8.23099200 -1.0364 3.8968 3.826462
8.23884600 -1.0699 3.8884 3.818085
8.24670000 -1.1035 3.8797 3.809448
8.25455400 -1.1370 3.8708 3.800553
8.26240800 -1.1706 3.8616 3.791400
8.27026200 -1.2041 3.8521 3.781988
8.27811600 -1.2376 3.8424 3.772318
8.28597000 -1.2711 3.8324 3.762390
8.29382400 -1.3045 3.8222 3.752204
8.30167800 -1.3380 3.8117 3.741760
8.30953200 -1.3714 3.8009 3.731059
8.31738600 -1.4048 3.7899 3.720100
8.32524000 -1.4382 3.7786 3.708885
8.33309400 -1.4715 3.7670 3.697412
8.34094800 -1.5048 3.7552 3.685684
8.34880200 -1.5380 3.7431 3.673698
8.35665600 -1.5713 3.7308 3.661457
8.36451000 -1.6045 3.7182 3.648961
8.37236400 -1.6376 3.7053 3.636209
8.38021800 -1.6707 3.6922 3.623202
8.38807200 -1.7037 3.6788 3.609941
8.39592600 -1.7367 3.6652 3.596426
8.40378000 -1.7697 3.6513 3.582657
8.41163400 -1.8026 3.6371 3.568635
8.41948800 -1.8354 3.6227 3.554360
8.42734200 -1.8682 3.6080 3.539833
8.43519600 -1.9009 3.5931 3.525054
8.44305000 -1.9335 3.5779 3.510023
8.45090400 -1.9661 3.5625 3.494742
8.45875800 -1.9986 3.5468 3.479211
8.46661200 -2.0311 3.5308 3.463430
8.47446600 -2.0634 3.5146 3.447400
8.48232000 -2.0957 3.4982 3.431121
8.49017400 -2.1280 3.4814 3.414594
8.49802800 -2.1601 3.4645 3.397821
8.50588200 -2.1922 3.4473 3.380800
8.51373600 -2.2241 3.4298 3.363534
8.52159000 -2.2560 3.4121 3.346022
8.52944400 -2.2878 3.3941 3.328266
8.53729800 -2.3195 3.3759 3.310265
8.54515200 -2.3512 3.3574 3.292022
8.55300600 -2.3827 3.3387 3.273536
8.56086000 -2.4141 3.3198 3.254809
8.56871400 -2.4454 3.3005 3.235841
8.57656800 -2.4766 3.2811 3.216632
8.58442200 -2.5078 3.2614 3.197185
8.59227600 -2.5388 3.2415 3.177499
8.60013000 -2.5697 3.2213 3.157576
8.60798400 -2.6005 3.2009 3.137416
8.61583800 -2.6311 3.1802 3.117020
8.62369200 -2.6617 3.1593 3.096389
8.63154600 -2.6921 3.1381 3.075525
8.63940000 -2.7225 3.1168 3.054427
8.64725400 -2.7527 3.0951 3.033098
8.65510800 -2.7827 3.0733 3.011537
8.66296200 -2.8127 3.0512 2.989747
8.67081600 -2.8425 3.0289 2.967727
8.67867000 -2.8722 3.0063 2.945479
8.68652400 -2.9018 2.9835 2.923004
8.69437800 -2.9312 2.9605 2.900304
8.70223200 -2.9605 2.9372 2.877378
8.71008600 -2.9896 2.9138 2.854229
8.71794000 -3.0186 2.8901 2.830857
8.72579400 -3.0475 2.8661 2.807264
8.73364800 -3.0762 2.8420 2.783450
8.74150200 -3.1047 2.8176 2.759417
8.74935600 -3.1331 2.7930 2.735165
8.75721000 -3.1614 2.7681 2.710697
8.76506400 -3.1895 2.7431 2.686014
8.77291800 -3.2175 2.7178 2.661116
8.78077200 -3.2452 2.6923 2.636004
8.78862600 -3.2729 2.6666 2.610681
8.79648000 -3.3003 2.6407 2.585147
8.80433400 -3.3276 2.6146 2.559404
8.81218800 -3.3548 2.5882 2.533453
8.82004200 -3.3817 2.5617 2.507295
8.82789600 -3.4085 2.5349 2.480931
8.83575000 -3.4351 2.5079 2.454364
8.84360400 -3.4616 2.4807 2.427594
8.85145800 -3.4878 2.4533 2.400622
8.85931200 -3.5139 2.4257 2.373451
8.86716600 -3.5398 2.3979 2.346081
8.87502000 -3.5655 2.3699 2.318514
8.88287400 -3.5911 2.3417 2.290752
8.89072800 -3.6164 2.3133 2.262795
8.89858200 -3.6416 2.2847 2.234645
8.90643600 -3.6665 2.2559 2.206305
8.91429000 -3.6913 2.2269 2.177775
8.92214400 -3.7158 2.1977 2.149056
8.92999800 -3.7402 2.1684 2.120151
8.93785200 -3.7644 2.1388 2.091061
8.94570600 -3.7884 2.1090 2.061788
8.95356000 -3.8121 2.0791 2.032332
8.96141400 -3.8357 2.0490 2.002696
8.96926800 -3.8591 2.0187 1.972882
8.97712200 -3.8822 1.9882 1.942890
8.98497600 -3.9051 1.9575 1.912723
8.99283000 -3.9279 1.9267 1.882382
9.00068400 -3.9504 1.8956 1.851869
9.00853800 -3.9727 1.8644 1.821186
9.01639200 -3.9947 1.8331 1.790333
9.02424600 -4.0166 1.8015 1.759314
9.03210000 -4.0382 1.7698 1.728129
9.03995400 -4.0596 1.7379 1.696781
9.04780800 -4.0808 1.7059 1.665271
9.05566200 -4.1017 1.6736 1.633601
9.06351600 -4.1225 1.6413 1.601773
9.07137000 -4.1430 1.6087 1.569788
9.07922400 -4.1632 1.5760 1.537648
9.08707800 -4.1832 1.5432 1.505356
9.09493200 -4.2030 1.5102 1.472912
9.10278600 -4.2226 1.4770 1.440319
9.11064000 -4.2419 1.4437 1.407579
9.11849400 -4.2610 1.4102 1.374693
9.12634800 -4.2798 1.3766 1.341664
9.13420200 -4.2984 1.3429 1.308493
9.14205600 -4.3167 1.3089 1.275182
9.14991000 -4.3348 1.2749 1.241734
9.15776400 -4.3526 1.2407 1.208149
9.16561800 -4.3702 1.2064 1.174430
9.17347200 -4.3876 1.1719 1.140580
9.18132600 -4.4046 1.1373 1.106599
9.18918000 -4.4215 1.1026 1.072490
9.19703400 -4.4380 1.0678 1.038255
9.20488800 -4.4543 1.0328 1.003895
9.21274200 -4.4704 0.9977 0.969414
9.22059600 -4.4862 0.9624 0.934813
9.22845000 -4.5017 0.9271 0.900093
9.23630400 -4.5170 0.8916 0.865257
9.24415800 -4.5320 0.8560 0.830308
9.25201200 -4.5467 0.8203 0.795246
9.25986600 -4.5612 0.7845 0.760075
9.26772000 -4.5754 0.7485 0.724796
9.27557400 -4.5893 0.7125 0.689412
9.28342800 -4.6029 0.6763 0.653923
9.29128200 -4.6163 0.6401 0.618334
9.29913600 -4.6294 0.6037 0.582645
9.30699000 -4.6422 0.5673 0.546859
9.31484400 -4.6547 0.5307 0.510978
9.32269800 -4.6670 0.4940 0.475004
9.33055200 -4.6790 0.4573 0.438940
9.33840600 -4.6907 0.4205 0.402787
9.34626000 -4.7021 0.3835 0.366548
9.35411400 -4.7132 0.3465 0.330224
9.36196800 -4.7241 0.3094 0.293819
9.36982200 -4.7346 0.2722 0.257334
9.37767600 -4.7449 0.2350 0.220772
9.38553000 -4.7549 0.1976 0.184134
9.39338400 -4.7646 0.1602 0.147424
9.40123800 -4.7740 0.1227 0.110642
9.40909200 -4.7831 0.0851 0.073792
9.41694600 -4.7919 0.0475 0.036876
9.42480000 -4.8004 0.0098 -0.000104
9.43265400 -4.8087 -0.0280 -0.037146
9.44050800 -4.8166 -0.0658 -0.074247
9.44836200 -4.8242 -0.1037 -0.111405
9.45621600 -4.8316 -0.1416 -0.148618
9.46407000 -4.8386 -0.1796 -0.185883
9.47192400 -4.8453 -0.2177 -0.223199
9.47977800 -4.8518 -0.2558 -0.260563
9.48763200 -4.8579 -0.2940 -0.297972
9.49548600 -4.8637 -0.3322 -0.335424
9.50334000 -4.8693 -0.3704 -0.372917
9.51119400 -4.8745 -0.4087 -0.410449
9.51904800 -4.8794 -0.4470 -0.448016
9.52690200 -4.8840 -0.4854 -0.485618
9.53475600 -4.8883 -0.5238 -0.523251
9.54261000 -4.8923 -0.5622 -0.560913
9.55046400 -4.8960 -0.6006 -0.598601
9.55831800 -4.8994 -0.6391 -0.636314
9.56617200 -4.9024 -0.6776 -0.674049
9.57402600 -4.9052 -0.7162 -0.711803
9.58188000 -4.9076 -0.7547 -0.749574
9.58973400 -4.9098 -0.7933 -0.787360
9.59758800 -4.9116 -0.8318 -0.825158
9.60544200 -4.9131 -0.8704 -0.862967
9.61329600 -4.9143 -0.9090 -0.900782
9.62115000 -4.9152 -0.9476 -0.938603
9.62900400 -4.9157 -0.9862 -0.976426
9.63685800 -4.9160 -1.0248 -1.014249
9.64471200 -4.9159 -1.0634 -1.052071
9.65256600 -4.9155 -1.1021 -1.089887
9.66042000 -4.9148 -1.1407 -1.127696
9.66827400 -4.9138 -1.1792 -1.165496
9.67612800 -4.9125 -1.2178 -1.203284
9.68398200 -4.9108 -1.2564 -1.241057
9.69183600 -4.9088 -1.2950 -1.278813
9.69969000 -4.9065 -1.3335 -1.316550
9.70754400 -4.9039 -1.3720 -1.354265
9.71539800 -4.9010 -1.4105 -1.391956
9.72325200 -4.8978 -1.4490 -1.429620
9.73110600 -4.8942 -1.4874 -1.467254
9.73896000 -4.8903 -1.5258 -1.504858
9.74681400 -4.8861 -1.5642 -1.542426
9.75466800 -4.8815 -1.6025 -1.579959
9.76252200 -4.8767 -1.6408 -1.617452
9.77037600 -4.8715 -1.6791 -1.654903
9.77823000 -4.8660 -1.7173 -1.692311
9.78608400 -4.8602 -1.7555 -1.729672
9.79393800 -4.8541 -1.7936 -1.766984
9.80179200 -4.8476 -1.8317 -1.804245
9.80964600 -4.8408 -1.8697 -1.841451
9.81750000 -4.8337 -1.9077 -1.878601
9.82535400 -4.8263 -1.9456 -1.915693
9.83320800 -4.8185 -1.9834 -1.952723
9.84106200 -4.8105 -2.0212 -1.989689
9.84891600 -4.8021 -2.0589 -2.026589
9.85677000 -4.7933 -2.0966 -2.063420
9.86462400 -4.7843 -2.1341 -2.100179
9.87247800 -4.7749 -2.1716 -2.136865
9.88033200 -4.7653 -2.2091 -2.173475
9.88818600 -4.7553 -2.2464 -2.210006
9.89604000 -4.7449 -2.2837 -2.246456
9.90389400 -4.7343 -2.3209 -2.282822
9.91174800 -4.7233 -2.3580 -2.319103
9.91960200 -4.7120 -2.3950 -2.355294
9.92745600 -4.7004 -2.4319 -2.391395
9.93531000 -4.6885 -2.4687 -2.427402
9.94316400 -4.6763 -2.5054 -2.463314
9.95101800 -4.6637 -2.5421 -2.499127
9.95887200 -4.6508 -2.5786 -2.534839
9.96672600 -4.6376 -2.6150 -2.570448
9.97458000 -4.6241 -2.6513 -2.605951
9.98243400 -4.6102 -2.6875 -2.641346
9.99028800 -4.5961 -2.7236 -2.676631
9.99814200 -4.5816 -2.7596 -2.711802
10.00599600 -4.5668 -2.7955 -2.746858
10.01385000 -4.5517 -2.8312 -2.781796
10.02170400 -4.5363 -2.8669 -2.816614
10.02955800 -4.5205 -2.9024 -2.851309
10.03741200 -4.5045 -2.9377 -2.885879
10.04526600 -4.4881 -2.9730 -2.920321
10.05312000 -4.4714 -3.0081 -2.954633
10.06097400 -4.4544 -3.0431 -2.988813
10.06882800 -4.4371 -3.0779 -3.022859
10.07668200 -4.4195 -3.1127 -3.056767
10.08453600 -4.4016 -3.1472 -3.090536
10.09239000 -4.3833 -3.1817 -3.124162
10.10024400 -4.3648 -3.2159 -3.157645
10.10809800 -4.3459 -3.2501 -3.190981
10.11595200 -4.3267 -3.2840 -3.224167
10.12380600 -4.3073 -3.3179 -3.257203
10.13166000 -4.2875 -3.3516 -3.290085
10.13951400 -4.2674 -3.3851 -3.322810
10.14736800 -4.2470 -3.4184 -3.355378
10.15522200 -4.2263 -3.4516 -3.387784
10.16307600 -4.2053 -3.4846 -3.420028
10.17093000 -4.1840 -3.5175 -3.452106
10.17878400 -4.1624 -3.5502 -3.484017
10.18663800 -4.1405 -3.5827 -3.515758
10.19449200 -4.1183 -3.6151 -3.547326
10.20234600 -4.0958 -3.6472 -3.578720
10.21020000 -4.0730 -3.6792 -3.609937
10.21805400 -4.0499 -3.7110 -3.640975
10.22590800 -4.0265 -3.7427 -3.671832
10.23376200 -4.0029 -3.7741 -3.702505
10.24161600 -3.9789 -3.8053 -3.732992
10.24947000 -3.9546 -3.8364 -3.763292
10.25732400 -3.9301 -3.8673 -3.793401
10.26517800 -3.9052 -3.8979 -3.823317
10.27303200 -3.8801 -3.9284 -3.853039
10.28088600 -3.8547 -3.9587 -3.882564
10.28874000 -3.8290 -3.9888 -3.911890
10.29659400 -3.8030 -4.0186 -3.941015
10.30444800 -3.7767 -4.0483 -3.969936
10.31230200 -3.7501 -4.0777 -3.998652
10.32015600 -3.7233 -4.1070 -4.027160
10.32801000 -3.6962 -4.1360 -4.055458
10.33586400 -3.6688 -4.1648 -4.083544
10.34371800 -3.6411 -4.1934 -4.111416
10.35157200 -3.6132 -4.2218 -4.139072
10.35942600 -3.5850 -4.2500 -4.166509
10.36728000 -3.5565 -4.2779 -4.193727
10.37513400 -3.5277 -4.3056 -4.220722
10.38298800 -3.4987 -4.3331 -4.247492
10.39084200 -3.4694 -4.3603 -4.274036
10.39869600 -3.4398 -4.3873 -4.300351
10.40655000 -3.4100 -4.4141 -4.326435
10.41440400 -3.3799 -4.4407 -4.352287
10.42225800 -3.3495 -4.4670 -4.377905
10.43011200 -3.3189 -4.4930 -4.403286
10.43796600 -3.2880 -4.5189 -4.428428
10.44582000 -3.2569 -4.5445 -4.453329
10.45367400 -3.2255 -4.5698 -4.477989
10.46152800 -3.1939 -4.5949 -4.502404
10.46938200 -3.1620 -4.6197 -4.526572
10.47723600 -3.1298 -4.6443 -4.550492
10.48509000 -3.0974 -4.6686 -4.574162
10.49294400 -3.0648 -4.6927 -4.597580
10.50079800 -3.0319 -4.7165 -4.620745
10.50865200 -2.9988 -4.7400 -4.643653
10.51650600 -2.9654 -4.7633 -4.666304
10.52436000 -2.9318 -4.7864 -4.688696
10.53221400 -2.8980 -4.8091 -4.710826
10.54006800 -2.8639 -4.8316 -4.732693
10.54792200 -2.8296 -4.8538 -4.754295
10.55577600 -2.7950 -4.8758 -4.775631
10.56363000 -2.7602 -4.8975 -4.796699
10.57148400 -2.7252 -4.9189 -4.817496
10.57933800 -2.6900 -4.9400 -4.838022
10.58719200 -2.6545 -4.9609 -4.858274
10.59504600 -2.6189 -4.9814 -4.878251
10.60290000 -2.5830 -5.0017 -4.897951
10.61075400 -2.5468 -5.0217 -4.917373
10.61860800 -2.5105 -5.0414 -4.936515
10.62646200 -2.4740 -5.0609 -4.955374
10.63431600 -2.4372 -5.0800 -4.973950
10.64217000 -2.4002 -5.0989 -4.992242
10.65002400 -2.3630 -5.1174 -5.010246
10.65787800 -2.3257 -5.1357 -5.027963
10.66573200 -2.2881 -5.1536 -5.045390
10.67358600 -2.2503 -5.1713 -5.062525
10.68144000 -2.2123 -5.1887 -5.079368
10.68929400 -2.1741 -5.2058 -5.095916
10.69714800 -2.1357 -5.2225 -5.112169
10.70500200 -2.0971 -5.2390 -5.128125
10.71285600 -2.0584 -5.2552 -5.143781
10.72071000 -2.0194 -5.2710 -5.159138
10.72856400 -1.9803 -5.2866 -5.174194
10.73641800 -1.9409 -5.3018 -5.188946
10.74427200 -1.9014 -5.3168 -5.203394
10.75212600 -1.8617 -5.3314 -5.217537
10.75998000 -1.8219 -5.3457 -5.231372
10.76783400 -1.7818 -5.3597 -5.244899
10.77568800 -1.7416 -5.3734 -5.258117
10.78354200 -1.7012 -5.3867 -5.271024
10.79139600 -1.6607 -5.3998 -5.283618
10.79925000 -1.6200 -5.4125 -5.295899
10.80710400 -1.5791 -5.4249 -5.307866
10.81495800 -1.5381 -5.4370 -5.319516
10.82281200 -1.4969 -5.4487 -5.330850
10.83066600 -1.4555 -5.4602 -5.341865
10.83852000 -1.4140 -5.4713 -5.352561
10.84637400 -1.3724 -5.4821 -5.362937
10.85422800 -1.3306 -5.4925 -5.372991
10.86208200 -1.2886 -5.5026 -5.382722
10.86993600 -1.2465 -5.5124 -5.392129
10.87779000 -1.2043 -5.5219 -5.401211
10.88564400 -1.1619 -5.5310 -5.409968
10.89349800 -1.1194 -5.5398 -5.418397
10.90135200 -1.0768 -5.5483 -5.426499
10.90920600 -1.0340 -5.5564 -5.434271
10.91706000 -0.9911 -5.5642 -5.441714
10.92491400 -0.9481 -5.5716 -5.448826
10.93276800 -0.9049 -5.5787 -5.455606
10.94062200 -0.8617 -5.5855 -5.462054
10.94847600 -0.8183 -5.5919 -5.468168
10.95633000 -0.7748 -5.5980 -5.473947
10.96418400 -0.7312 -5.6037 -5.479391
10.97203800 -0.6874 -5.6091 -5.484500
10.97989200 -0.6436 -5.6142 -5.489271
10.98774600 -0.5997 -5.6189 -5.493705
10.99560000 -0.5557 -5.6233 -5.497800
11.00345400 -0.5115 -5.6273 -5.501556
11.01130800 -0.4673 -5.6310 -5.504973
11.01916200 -0.4230 -5.6343 -5.508048
11.02701600 -0.3786 -5.6372 -5.510783
11.03487000 -0.3341 -5.6399 -5.513176
11.04272400 -0.2895 -5.6421 -5.515226
11.05057800 -0.2448 -5.6441 -5.516933
11.05843200 -0.2001 -5.6456 -5.518296
11.06628600 -0.1552 -5.6469 -5.519316
11.07414000 -0.1104 -5.6477 -5.519990
11.08199400 -0.0654 -5.6482 -5.520319
11.08984800 -0.0203 -5.6484 -5.520302
11.09770200 0.0248 -5.6482 -5.519939
11.10555600 0.0699 -5.6477 -5.519229
11.11341000 0.1151 -5.6468 -5.518171
11.12126400 0.1604 -5.6455 -5.516767
11.12911800 0.2058 -5.6439 -5.515014
11.13697200 0.2511 -5.6419 -5.512912
11.14482600 0.2966 -5.6396 -5.510462
11.15268000 0.3421 -5.6369 -5.507663
11.16053400 0.3876 -5.6338 -5.504515
11.16838800 0.4331 -5.6304 -5.501017
11.17624200 0.4787 -5.6267 -5.497168
11.18409600 0.5244 -5.6226 -5.492970
11.19195000 0.5700 -5.6181 -5.488421
11.19980400 0.6157 -5.6132 -5.483522
11.20765800 0.6614 -5.6081 -5.478272
11.21551200 0.7072 -5.6025 -5.472671
11.22336600 0.7529 -5.5966 -5.466719
11.23122000 0.7987 -5.5903 -5.460416
11.23907400 0.8445 -5.5837 -5.453761
11.24692800 0.8903 -5.5767 -5.446756
11.25478200 0.9361 -5.5693 -5.439399
11.26263600 0.9819 -5.5616 -5.431690
11.27049000 1.0277 -5.5536 -5.423631
11.27834400 1.0736 -5.5451 -5.415220
11.28619800 1.1194 -5.5363 -5.406458
11.29405200 1.1652 -5.5272 -5.397344
11.30190600 1.2110 -5.5177 -5.387880
11.30976000 1.2567 -5.5078 -5.378064
11.31761400 1.3025 -5.4976 -5.367898
11.32546800 1.3482 -5.4870 -5.357381
11.33332200 1.3940 -5.4760 -5.346514
11.34117600 1.4397 -5.4647 -5.335296
11.34903000 1.4853 -5.4531 -5.323729
11.35688400 1.5310 -5.4410 -5.311811
11.36473800 1.5766 -5.4287 -5.299545
11.37259200 1.6221 -5.4159 -5.286929
11.38044600 1.6677 -5.4028 -5.273964
11.38830000 1.7132 -5.3894 -5.260651
11.39615400 1.7586 -5.3755 -5.246989
11.40400800 1.8040 -5.3614 -5.232980
11.41186200 1.8493 -5.3469 -5.218624
11.41971600 1.8946 -5.3320 -5.203921
11.42757000 1.9398 -5.3167 -5.188871
11.43542400 1.9850 -5.3011 -5.173475
11.44327800 2.0301 -5.2852 -5.157734
11.45113200 2.0751 -5.2689 -5.141649
11.45898600 2.1201 -5.2523 -5.125219
11.46684000 2.1650 -5.2352 -5.108445
11.47469400 2.2098 -5.2179 -5.091328
11.48254800 2.2545 -5.2002 -5.073868
11.49040200 2.2992 -5.1821 -5.056067
11.49825600 2.3438 -5.1637 -5.037925
11.50611000 2.3883 -5.1450 -5.019442
11.51396400 2.4327 -5.1259 -5.000619
11.52181800 2.4770 -5.1064 -4.981457
11.52967200 2.5212 -5.0866 -4.961958
11.53752600 2.5653 -5.0665 -4.942120
11.54538000 2.6093 -5.0460 -4.921946
11.55323400 2.6532 -5.0251 -4.901436
11.56108800 2.6969 -5.0039 -4.880591
11.56894200 2.7406 -4.9824 -4.859412
11.57679600 2.7842 -4.9605 -4.837900
11.58465000 2.8276 -4.9383 -4.816055
11.59250400 2.8710 -4.9158 -4.793879
11.60035800 2.9142 -4.8929 -4.771373
11.60821200 2.9572 -4.8697 -4.748537
11.61606600 3.0002 -4.8461 -4.725373
11.62392000 3.0430 -4.8222 -4.701882
11.63177400 3.0857 -4.7980 -4.678064
11.63962800 3.1282 -4.7734 -4.653921
11.64748200 3.1706 -4.7485 -4.629454
11.65533600 3.2129 -4.7233 -4.604664
11.66319000 3.2550 -4.6977 -4.579552
11.67104400 3.2969 -4.6718 -4.554119
11.67889800 3.3387 -4.6456 -4.528367
11.68675200 3.3804 -4.6190 -4.502297
11.69460600 3.4219 -4.5922 -4.475909
11.70246000 3.4632 -4.5650 -4.449206
11.71031400 3.5044 -4.5374 -4.422189
11.71816800 3.5454 -4.5096 -4.394858
11.72602200 3.5862 -4.4814 -4.367215
11.73387600 3.6269 -4.4530 -4.339261
11.74173000 3.6673 -4.4241 -4.310999
11.74958400 3.7077 -4.3950 -4.282429
11.75743800 3.7478 -4.3656 -4.253552
11.76529200 3.7877 -4.3358 -4.224370
11.77314600 3.8275 -4.3058 -4.194885
11.78100000 3.8670 -4.2754 -4.165098
11.78885400 3.9064 -4.2447 -4.135010
11.79670800 3.9456 -4.2137 -4.104623
11.80456200 3.9846 -4.1824 -4.073939
11.81241600 4.0233 -4.1508 -4.042959
11.82027000 4.0619 -4.1189 -4.011684
11.82812400 4.1003 -4.0867 -3.980117
11.83597800 4.1384 -4.0542 -3.948258
11.84383200 4.1764 -4.0214 -3.916110
11.85168600 4.2141 -3.9883 -3.883674
11.85954000 4.2516 -3.9549 -3.850953
11.86739400 4.2889 -3.9213 -3.817946
11.87524800 4.3260 -3.8873 -3.784657
11.88310200 4.3629 -3.8530 -3.751087
11.89095600 4.3995 -3.8185 -3.717237
11.89881000 4.4359 -3.7836 -3.683111
11.90666400 4.4720 -3.7485 -3.648708
11.91451800 4.5080 -3.7131 -3.614032
11.92237200 4.5436 -3.6774 -3.579084
11.93022600 4.5791 -3.6414 -3.543865
11.93808000 4.6143 -3.6052 -3.508379
11.94593400 4.6492 -3.5687 -3.472626
11.95378800 4.6839 -3.5319 -3.436609
11.96164200 4.7184 -3.4948 -3.400329
11.96949600 4.7526 -3.4575 -3.363789
11.97735000 4.7865 -3.4199 -3.326990
11.98520400 4.8202 -3.3821 -3.289935
11.99305800 4.8537 -3.3439 -3.252625
12.00091200 4.8868 -3.3056 -3.215063
12.00876600 4.9197 -3.2669 -3.177250
12.01662000 4.9523 -3.2280 -3.139189
12.02447400 4.9847 -3.1889 -3.100882
12.03232800 5.0168 -3.1495 -3.062331
12.04018200 5.0486 -3.1098 -3.023538
12.04803600 5.0801 -3.0699 -2.984505
12.05589000 5.1114 -3.0298 -2.945234
12.06374400 5.1423 -2.9894 -2.905727
12.07159800 5.1730 -2.9488 -2.865988
12.07945200 5.2034 -2.9079 -2.826017
12.08730600 5.2335 -2.8668 -2.785818
12.09516000 5.2633 -2.8255 -2.745391
12.10301400 5.2928 -2.7839 -2.704741
12.11086800 5.3220 -2.7421 -2.663869
12.11872200 5.3509 -2.7001 -2.622776
12.12657600 5.3796 -2.6578 -2.581467
12.13443000 5.4079 -2.6153 -2.539942
12.14228400 5.4359 -2.5726 -2.498205
12.15013800 5.4636 -2.5297 -2.456257
12.15799200 5.4910 -2.4866 -2.414102
12.16584600 5.5180 -2.4433 -2.371741
12.17370000 5.5448 -2.3997 -2.329177
12.18155400 5.5713 -2.3560 -2.286412
12.18940800 5.5974 -2.3120 -2.243449
12.19726200 5.6232 -2.2678 -2.200290
12.20511600 5.6487 -2.2235 -2.156938
12.21297000 5.6738 -2.1789 -2.113395
12.22082400 5.6987 -2.1342 -2.069664
12.22867800 5.7232 -2.0892 -2.025747
12.23653200 5.7473 -2.0441 -1.981647
12.24438600 5.7712 -1.9987 -1.937367
12.25224000 5.7947 -1.9532 -1.892908
12.26009400 5.8178 -1.9075 -1.848274
12.26794800 5.8407 -1.8617 -1.803468
12.27580200 5.8632 -1.8156 -1.758491
12.28365600 5.8853 -1.7694 -1.713346
12.29151000 5.9071 -1.7230 -1.668036
12.29936400 5.9286 -1.6764 -1.622565
12.30721800 5.9497 -1.6297 -1.576933
12.31507200 5.9704 -1.5828 -1.531145
12.32292600 5.9908 -1.5358 -1.485203
12.33078000 6.0109 -1.4885 -1.439109
12.33863400 6.0306 -1.4412 -1.392866
12.34648800 6.0499 -1.3937 -1.346478
12.35434200 6.0689 -1.3460 -1.299946
12.36219600 6.0875 -1.2982 -1.253273
12.37005000 6.1058 -1.2502 -1.206463
12.37790400 6.1237 -1.2021 -1.159518
12.38575800 6.1412 -1.1539 -1.112441
12.39361200 6.1584 -1.1055 -1.065234
12.40146600 6.1752 -1.0570 -1.017901
12.40932000 6.1916 -1.0084 -0.970445
12.41717400 6.2077 -0.9597 -0.922867
12.42502800 6.2234 -0.9108 -0.875172
12.43288200 6.2387 -0.8618 -0.827362
12.44073600 6.2536 -0.8127 -0.779439
12.44859000 6.2682 -0.7634 -0.731408
12.45644400 6.2824 -0.7141 -0.683269
12.46429800 6.2962 -0.6646 -0.635028
12.47215200 6.3096 -0.6151 -0.586686
12.48000600 6.3226 -0.5654 -0.538246
12.48786000 6.3353 -0.5157 -0.489711
12.49571400 6.3476 -0.4658 -0.441085
12.50356800 6.3594 -0.4159 -0.392370
12.51142200 6.3709 -0.3658 -0.343570
12.51927600 6.3821 -0.3157 -0.294686
12.52713000 6.3928 -0.2655 -0.245723
12.53498400 6.4031 -0.2152 -0.196683
12.54283800 6.4130 -0.1648 -0.147569
12.55069200 6.4226 -0.1144 -0.098385
12.55854600 6.4317 -0.0639 -0.049132
