0.0000000000    0.0000000000    0.0000000000    0.0000000000
0.0050000000    -0.0057626025    -0.0057453916    -0.0000172109
0.0100000000    -0.0115248491    -0.0114906769    -0.0000341722
0.0150000000    -0.0172866962    -0.0172357494    -0.0000509468
0.0200000000    -0.0230480450    -0.0229805029    -0.0000675421
0.0250000000    -0.0288087928    -0.0287248308    -0.0000839620
0.0300000000    -0.0345688357    -0.0344686268    -0.0001002089
0.0350000000    -0.0403280691    -0.0402117846    -0.0001162845
0.0400000000    -0.0460863880    -0.0459541977    -0.0001321903
0.0450000000    -0.0518436869    -0.0516957596    -0.0001479273
0.0500000000    -0.0575998604    -0.0574363639    -0.0001634965
0.0550000000    -0.0633548027    -0.0631759041    -0.0001788986
0.0600000000    -0.0691084080    -0.0689142737    -0.0001941343
0.0650000000    -0.0748605705    -0.0746513662    -0.0002092043
0.0700000000    -0.0806111841    -0.0803870750    -0.0002241092
0.0750000000    -0.0863601428    -0.0861212934    -0.0002388494
0.0800000000    -0.0921073403    -0.0918539148    -0.0002534254
0.0850000000    -0.0978526704    -0.0975848326    -0.0002678378
0.0900000000    -0.1035960268    -0.1033139400    -0.0002820868
0.0950000000    -0.1093373032    -0.1090411303    -0.0002961729
0.1000000000    -0.1150763931    -0.1147662966    -0.0003100965
0.1050000000    -0.1208131899    -0.1204893320    -0.0003238579
0.1100000000    -0.1265475870    -0.1262101297    -0.0003374574
0.1150000000    -0.1322794779    -0.1319285826    -0.0003508953
0.1200000000    -0.1380087556    -0.1376445837    -0.0003641719
0.1250000000    -0.1437353134    -0.1433580259    -0.0003772875
0.1300000000    -0.1494590444    -0.1490688021    -0.0003902423
0.1350000000    -0.1551798416    -0.1547768050    -0.0004030366
0.1400000000    -0.1608975979    -0.1604819273    -0.0004156706
0.1450000000    -0.1666122061    -0.1661840616    -0.0004281445
0.1500000000    -0.1723235590    -0.1718831006    -0.0004404585
0.1550000000    -0.1780315493    -0.1775789366    -0.0004526127
0.1600000000    -0.1837360694    -0.1832714620    -0.0004646074
0.1650000000    -0.1894370120    -0.1889605693    -0.0004764427
0.1700000000    -0.1951342693    -0.1946461506    -0.0004881187
0.1750000000    -0.2008277336    -0.2003280980    -0.0004996357
0.1800000000    -0.2065172972    -0.2060063036    -0.0005109936
0.1850000000    -0.2122028520    -0.2116806593    -0.0005221926
0.1900000000    -0.2178842900    -0.2173510571    -0.0005332329
0.1950000000    -0.2235615031    -0.2230173886    -0.0005441144
0.2000000000    -0.2292343829    -0.2286795456    -0.0005548374
0.2050000000    -0.2349028212    -0.2343374195    -0.0005654017
0.2100000000    -0.2405667094    -0.2399909019    -0.0005758076
0.2150000000    -0.2462259389    -0.2456398840    -0.0005860549
0.2200000000    -0.2518804010    -0.2512842571    -0.0005961439
0.2250000000    -0.2575299867    -0.2569239123    -0.0006060744
0.2300000000    -0.2631745871    -0.2625587406    -0.0006158465
0.2350000000    -0.2688140931    -0.2681886329    -0.0006254602
0.2400000000    -0.2744483953    -0.2738134798    -0.0006349155
0.2450000000    -0.2800773845    -0.2794331721    -0.0006442124
0.2500000000    -0.2857009510    -0.2850476002    -0.0006533508
0.2550000000    -0.2913189852    -0.2906566545    -0.0006623307
0.2600000000    -0.2969313772    -0.2962602252    -0.0006711520
0.2650000000    -0.3025380171    -0.3018582024    -0.0006798147
0.2700000000    -0.3081387947    -0.3074504760    -0.0006883187
0.2750000000    -0.3137335999    -0.3130369359    -0.0006966640
0.2800000000    -0.3193223220    -0.3186174717    -0.0007048504
0.2850000000    -0.3249048506    -0.3241919729    -0.0007128778
0.2900000000    -0.3304810750    -0.3297603289    -0.0007207461
0.2950000000    -0.3360508841    -0.3353224288    -0.0007284552
0.3000000000    -0.3416141669    -0.3408781619    -0.0007360050
0.3050000000    -0.3471708122    -0.3464274169    -0.0007433953
0.3100000000    -0.3527207085    -0.3519700825    -0.0007506260
0.3150000000    -0.3582637443    -0.3575060474    -0.0007576969
0.3200000000    -0.3637998078    -0.3630351999    -0.0007646079
0.3250000000    -0.3693287870    -0.3685574283    -0.0007713587
0.3300000000    -0.3748505698    -0.3740726206    -0.0007779491
0.3350000000    -0.3803650438    -0.3795806648    -0.0007843791
0.3400000000    -0.3858720966    -0.3850814484    -0.0007906483
0.3450000000    -0.3913716155    -0.3905748590    -0.0007967565
0.3500000000    -0.3968634875    -0.3960607840    -0.0008027035
0.3550000000    -0.4023475996    -0.4015391105    -0.0008084892
0.3600000000    -0.4078238385    -0.4070097255    -0.0008141131
0.3650000000    -0.4132920907    -0.4124725156    -0.0008195751
0.3700000000    -0.4187522425    -0.4179273676    -0.0008248749
0.3750000000    -0.4242041799    -0.4233741678    -0.0008300122
0.3800000000    -0.4296477890    -0.4288128023    -0.0008349867
0.3850000000    -0.4350829552    -0.4342431570    -0.0008397982
0.3900000000    -0.4405095641    -0.4396651179    -0.0008444463
0.3950000000    -0.4459275010    -0.4450785704    -0.0008489307
0.4000000000    -0.4513366508    -0.4504833998    -0.0008532510
0.4050000000    -0.4567368983    -0.4558794912    -0.0008574071
0.4100000000    -0.4621281281    -0.4612667297    -0.0008613984
0.4150000000    -0.4675102245    -0.4666449998    -0.0008652247
0.4200000000    -0.4728830715    -0.4720141860    -0.0008688856
0.4250000000    -0.4782465532    -0.4773741725    -0.0008723807
0.4300000000    -0.4836005530    -0.4827248434    -0.0008757096
0.4350000000    -0.4889449543    -0.4880660823    -0.0008788720
0.4400000000    -0.4942796403    -0.4933977729    -0.0008818674
0.4450000000    -0.4996044939    -0.4987197985    -0.0008846954
0.4500000000    -0.5049193976    -0.5040320420    -0.0008873557
0.4550000000    -0.5102242339    -0.5093343862    -0.0008898477
0.4600000000    -0.5155188849    -0.5146267139    -0.0008921711
0.4650000000    -0.5208032325    -0.5199089071    -0.0008943253
0.4700000000    -0.5260771581    -0.5251808481    -0.0008963100
0.4750000000    -0.5313405433    -0.5304424186    -0.0008981247
0.4800000000    -0.5365932689    -0.5356935001    -0.0008997689
0.4850000000    -0.5418352159    -0.5409339739    -0.0009012420
0.4900000000    -0.5470662648    -0.5461637210    -0.0009025437
0.4950000000    -0.5522862957    -0.5513826223    -0.0009036734
0.5000000000    -0.5574951886    -0.5565905580    -0.0009046306
0.5050000000    -0.5626928232    -0.5617874085    -0.0009054147
0.5100000000    -0.5678790790    -0.5669730537    -0.0009060253
0.5150000000    -0.5730538350    -0.5721473731    -0.0009064618
0.5200000000    -0.5782169699    -0.5773102463    -0.0009067236
0.5250000000    -0.5833683624    -0.5824615521    -0.0009068103
0.5300000000    -0.5885078906    -0.5876011695    -0.0009067211
0.5350000000    -0.5936354324    -0.5927289769    -0.0009064556
0.5400000000    -0.5987508655    -0.5978448525    -0.0009060131
0.5450000000    -0.6038540672    -0.6029486741    -0.0009053930
0.5500000000    -0.6089449144    -0.6080403195    -0.0009045949
0.5550000000    -0.6140232838    -0.6131196659    -0.0009036179
0.5600000000    -0.6190890517    -0.6181865902    -0.0009024616
0.5650000000    -0.6241420943    -0.6232409691    -0.0009011252
0.5700000000    -0.6291822872    -0.6282826791    -0.0008996081
0.5750000000    -0.6342095058    -0.6333115961    -0.0008979097
0.5800000000    -0.6392236252    -0.6383275958    -0.0008960294
0.5850000000    -0.6442245200    -0.6433305537    -0.0008939663
0.5900000000    -0.6492120648    -0.6483203449    -0.0008917199
0.5950000000    -0.6541861335    -0.6532968440    -0.0008892895
0.6000000000    -0.6591465999    -0.6582599255    -0.0008866744
0.6050000000    -0.6640933373    -0.6632094635    -0.0008838738
0.6100000000    -0.6690262188    -0.6681453317    -0.0008808871
0.6150000000    -0.6739451170    -0.6730674036    -0.0008777134
0.6200000000    -0.6788499042    -0.6779755520    -0.0008743522
0.6250000000    -0.6837404524    -0.6828696498    -0.0008708026
0.6300000000    -0.6886166332    -0.6877495694    -0.0008670638
0.6350000000    -0.6934783178    -0.6926151826    -0.0008631352
0.6400000000    -0.6983253772    -0.6974663612    -0.0008590159
0.6450000000    -0.7031576817    -0.7023029764    -0.0008547052
0.6500000000    -0.7079751015    -0.7071248992    -0.0008502023
0.6550000000    -0.7127775064    -0.7119320001    -0.0008455063
0.6600000000    -0.7175647656    -0.7167241492    -0.0008406164
0.6650000000    -0.7223367484    -0.7215012164    -0.0008355320
0.6700000000    -0.7270933231    -0.7262630711    -0.0008302520
0.6750000000    -0.7318343580    -0.7310095823    -0.0008247756
0.6800000000    -0.7365597210    -0.7357406188    -0.0008191022
0.6850000000    -0.7412692794    -0.7404560487    -0.0008132306
0.6900000000    -0.7459629002    -0.7451557400    -0.0008071602
0.6950000000    -0.7506404502    -0.7498395602    -0.0008008900
0.7000000000    -0.7553017955    -0.7545073763    -0.0007944192
0.7050000000    -0.7599468018    -0.7591590551    -0.0007877467
0.7100000000    -0.7645753347    -0.7637944628    -0.0007808719
0.7150000000    -0.7691872590    -0.7684134653    -0.0007737937
0.7200000000    -0.7737824393    -0.7730159282    -0.0007665112
0.7250000000    -0.7783607398    -0.7776017164    -0.0007590234
0.7300000000    -0.7829220241    -0.7821706946    -0.0007513295
0.7350000000    -0.7874661556    -0.7867227270    -0.0007434286
0.7400000000    -0.7919929970    -0.7912576775    -0.0007353195
0.7450000000    -0.7965024108    -0.7957754094    -0.0007270014
0.7500000000    -0.8009942590    -0.8002757856    -0.0007184734
0.7550000000    -0.8054684030    -0.8047586687    -0.0007097343
0.7600000000    -0.8099247040    -0.8092239208    -0.0007007832
0.7650000000    -0.8143630225    -0.8136714033    -0.0006916192
0.7700000000    -0.8187832188    -0.8181009777    -0.0006822411
0.7750000000    -0.8231851525    -0.8225125045    -0.0006726480
0.7800000000    -0.8275686830    -0.8269058441    -0.0006628389
0.7850000000    -0.8319336689    -0.8312808563    -0.0006528126
0.7900000000    -0.8362799687    -0.8356374005    -0.0006425682
0.7950000000    -0.8406074402    -0.8399753355    -0.0006321046
0.8000000000    -0.8449159407    -0.8442945200    -0.0006214207
0.8050000000    -0.8492053272    -0.8485948117    -0.0006105155
0.8100000000    -0.8534754561    -0.8528760683    -0.0005993878
0.8150000000    -0.8577261833    -0.8571381467    -0.0005880365
0.8200000000    -0.8619573642    -0.8613809036    -0.0005764606
0.8250000000    -0.8661688539    -0.8656041949    -0.0005646590
0.8300000000    -0.8703605067    -0.8698078763    -0.0005526304
0.8350000000    -0.8745321767    -0.8739918029    -0.0005403738
0.8400000000    -0.8786837172    -0.8781558292    -0.0005278881
0.8450000000    -0.8828149813    -0.8822998093    -0.0005151720
0.8500000000    -0.8869258213    -0.8864235969    -0.0005022244
0.8550000000    -0.8910160893    -0.8905270451    -0.0004890442
0.8600000000    -0.8950856365    -0.8946100064    -0.0004756301
0.8650000000    -0.8991343139    -0.8986723329    -0.0004619810
0.8700000000    -0.9031619718    -0.9027138762    -0.0004480956
0.8750000000    -0.9071684601    -0.9067344872    -0.0004339728
0.8800000000    -0.9111536280    -0.9107340166    -0.0004196114
0.8850000000    -0.9151173243    -0.9147123143    -0.0004050100
0.8900000000    -0.9190593973    -0.9186692298    -0.0003901675
0.8950000000    -0.9229796946    -0.9226046119    -0.0003750827
0.9000000000    -0.9268780633    -0.9265183092    -0.0003597542
0.9050000000    -0.9307543500    -0.9304101693    -0.0003441808
0.9100000000    -0.9346084008    -0.9342800396    -0.0003283612
0.9150000000    -0.9384400610    -0.9381277669    -0.0003122941
0.9200000000    -0.9422491757    -0.9419531973    -0.0002959783
0.9250000000    -0.9460355890    -0.9457561766    -0.0002794124
0.9300000000    -0.9497991448    -0.9495365496    -0.0002625952
0.9350000000    -0.9535396863    -0.9532941611    -0.0002455252
0.9400000000    -0.9572570561    -0.9570288548    -0.0002282012
0.9450000000    -0.9609510961    -0.9607404743    -0.0002106219
0.9500000000    -0.9646216479    -0.9644288622    -0.0001927858
0.9550000000    -0.9682685523    -0.9680938607    -0.0001746916
0.9600000000    -0.9718916495    -0.9717353116    -0.0001563379
0.9650000000    -0.9754907792    -0.9753530558    -0.0001377234
0.9700000000    -0.9790657804    -0.9789469337    -0.0001188467
0.9750000000    -0.9826164916    -0.9825167853    -0.0000997063
0.9800000000    -0.9861427506    -0.9860624498    -0.0000803008
0.9850000000    -0.9896443947    -0.9895837658    -0.0000606289
0.9900000000    -0.9931212604    -0.9930805713    -0.0000406891
0.9950000000    -0.9965731837    -0.9965527038    -0.0000204799
1.0000000000    -1.0000000000    -1.0000000000    0.0000000000
