0.0000000 -1.3980000 1.9993000 0.0007000
0.0005000 -1.3960007 1.9986010 0.0006995
0.0010000 -1.3940021 1.9979030 0.0006990
0.0015000 -1.3920042 1.9972060 0.0006985
0.0020000 -1.3900070 1.9965100 0.0006979
0.0025000 -1.3880105 1.9958150 0.0006974
0.0030000 -1.3860146 1.9951210 0.0006968
0.0035000 -1.3840195 1.9944280 0.0006963
0.0040000 -1.3820250 1.9937360 0.0006957
0.0045000 -1.3800312 1.9930450 0.0006951
0.0050000 -1.3780381 1.9923549 0.0006945
0.0055000 -1.3760457 1.9916659 0.0006939
0.0060000 -1.3740540 1.9909779 0.0006933
0.0065000 -1.3720629 1.9902909 0.0006927
0.0070000 -1.3700725 1.9896048 0.0006920
0.0075000 -1.3680828 1.9889198 0.0006914
0.0080000 -1.3660938 1.9882358 0.0006907
0.0085000 -1.3641054 1.9875527 0.0006901
0.0090000 -1.3621177 1.9868707 0.0006894
0.0095000 -1.3601306 1.9861896 0.0006887
0.0100000 -1.3581442 1.9855095 0.0006880
0.0105000 -1.3561585 1.9848305 0.0006873
0.0110000 -1.3541734 1.9841524 0.0006866
0.0115000 -1.3521890 1.9834753 0.0006859
0.0120000 -1.3502053 1.9827992 0.0006851
0.0125000 -1.3482221 1.9821241 0.0006844
0.0130000 -1.3462397 1.9814500 0.0006836
0.0135000 -1.3442579 1.9807769 0.0006829
0.0140000 -1.3422767 1.9801047 0.0006821
0.0145000 -1.3402962 1.9794336 0.0006813
0.0150000 -1.3383163 1.9787635 0.0006805
0.0155000 -1.3363370 1.9780943 0.0006797
0.0160000 -1.3343584 1.9774261 0.0006789
0.0165000 -1.3323805 1.9767590 0.0006781
0.0170000 -1.3304031 1.9760928 0.0006773
0.0175000 -1.3284264 1.9754276 0.0006764
0.0180000 -1.3264503 1.9747633 0.0006756
0.0185000 -1.3244749 1.9741001 0.0006747
0.0190000 -1.3225001 1.9734379 0.0006738
0.0195000 -1.3205259 1.9727766 0.0006730
0.0200000 -1.3185523 1.9721164 0.0006721
0.0205000 -1.3165793 1.9714571 0.0006712
0.0210000 -1.3146070 1.9707988 0.0006703
0.0215000 -1.3126353 1.9701415 0.0006693
0.0220000 -1.3106642 1.9694852 0.0006684
0.0225000 -1.3086937 1.9688299 0.0006675
0.0230000 -1.3067238 1.9681755 0.0006665
0.0235000 -1.3047545 1.9675221 0.0006656
0.0240000 -1.3027858 1.9668698 0.0006646
0.0245000 -1.3008178 1.9662184 0.0006636
0.0250000 -1.2988503 1.9655680 0.0006626
0.0255000 -1.2968834 1.9649185 0.0006616
0.0260000 -1.2949171 1.9642701 0.0006606
0.0265000 -1.2929515 1.9636226 0.0006596
0.0270000 -1.2909864 1.9629762 0.0006586
0.0275000 -1.2890219 1.9623307 0.0006576
0.0280000 -1.2870580 1.9616862 0.0006565
0.0285000 -1.2850947 1.9610426 0.0006555
0.0290000 -1.2831320 1.9604001 0.0006544
0.0295000 -1.2811698 1.9597585 0.0006533
0.0300000 -1.2792083 1.9591179 0.0006523
0.0305000 -1.2772473 1.9584783 0.0006512
0.0310000 -1.2752869 1.9578397 0.0006501
0.0315000 -1.2733271 1.9572021 0.0006489
0.0320000 -1.2713678 1.9565654 0.0006478
0.0325000 -1.2694091 1.9559297 0.0006467
0.0330000 -1.2674510 1.9552950 0.0006456
0.0335000 -1.2654935 1.9546613 0.0006444
0.0340000 -1.2635365 1.9540285 0.0006432
0.0345000 -1.2615801 1.9533968 0.0006421
0.0350000 -1.2596242 1.9527660 0.0006409
0.0355000 -1.2576689 1.9521362 0.0006397
0.0360000 -1.2557142 1.9515073 0.0006385
0.0365000 -1.2537600 1.9508795 0.0006373
0.0370000 -1.2518064 1.9502526 0.0006361
0.0375000 -1.2498533 1.9496267 0.0006349
0.0380000 -1.2479008 1.9490018 0.0006336
0.0385000 -1.2459489 1.9483778 0.0006324
0.0390000 -1.2439974 1.9477548 0.0006311
0.0395000 -1.2420465 1.9471328 0.0006299
0.0400000 -1.2400962 1.9465118 0.0006286
0.0405000 -1.2381464 1.9458918 0.0006273
0.0410000 -1.2361972 1.9452727 0.0006260
0.0415000 -1.2342484 1.9446546 0.0006247
0.0420000 -1.2323002 1.9440375 0.0006234
0.0425000 -1.2303526 1.9434213 0.0006221
0.0430000 -1.2284055 1.9428061 0.0006208
0.0435000 -1.2264589 1.9421919 0.0006194
0.0440000 -1.2245128 1.9415787 0.0006181
0.0445000 -1.2225672 1.9409665 0.0006167
0.0450000 -1.2206222 1.9403552 0.0006153
0.0455000 -1.2186777 1.9397449 0.0006140
0.0460000 -1.2167337 1.9391355 0.0006126
0.0465000 -1.2147903 1.9385272 0.0006112
0.0470000 -1.2128473 1.9379198 0.0006098
0.0475000 -1.2109049 1.9373133 0.0006084
0.0480000 -1.2089629 1.9367079 0.0006069
0.0485000 -1.2070215 1.9361034 0.0006055
0.0490000 -1.2050806 1.9354999 0.0006041
0.0495000 -1.2031402 1.9348974 0.0006026
0.0500000 -1.2012003 1.9342958 0.0006012
0.0505000 -1.1992609 1.9336952 0.0005997
0.0510000 -1.1973219 1.9330956 0.0005982
0.0515000 -1.1953835 1.9324969 0.0005967
0.0520000 -1.1934456 1.9318992 0.0005952
0.0525000 -1.1915082 1.9313025 0.0005937
0.0530000 -1.1895713 1.9307067 0.0005922
0.0535000 -1.1876348 1.9301119 0.0005907
0.0540000 -1.1856988 1.9295181 0.0005891
0.0545000 -1.1837634 1.9289253 0.0005876
0.0550000 -1.1818284 1.9283334 0.0005860
0.0555000 -1.1798939 1.9277425 0.0005845
0.0560000 -1.1779598 1.9271525 0.0005829
0.0565000 -1.1760263 1.9265636 0.0005813
0.0570000 -1.1740932 1.9259755 0.0005797
0.0575000 -1.1721606 1.9253885 0.0005781
0.0580000 -1.1702284 1.9248024 0.0005765
0.0585000 -1.1682968 1.9242173 0.0005749
0.0590000 -1.1663656 1.9236331 0.0005733
0.0595000 -1.1644348 1.9230500 0.0005716
0.0600000 -1.1625045 1.9224677 0.0005700
0.0605000 -1.1605747 1.9218865 0.0005683
0.0610000 -1.1586454 1.9213062 0.0005667
0.0615000 -1.1567165 1.9207269 0.0005650
0.0620000 -1.1547880 1.9201485 0.0005633
0.0625000 -1.1528600 1.9195711 0.0005616
0.0630000 -1.1509325 1.9189947 0.0005599
0.0635000 -1.1490054 1.9184192 0.0005582
0.0640000 -1.1470788 1.9178447 0.0005565
0.0645000 -1.1451526 1.9172712 0.0005548
0.0650000 -1.1432268 1.9166986 0.0005530
0.0655000 -1.1413015 1.9161270 0.0005513
0.0660000 -1.1393766 1.9155564 0.0005495
0.0665000 -1.1374522 1.9149867 0.0005478
0.0670000 -1.1355282 1.9144179 0.0005460
0.0675000 -1.1336046 1.9138502 0.0005442
0.0680000 -1.1316815 1.9132834 0.0005424
0.0685000 -1.1297587 1.9127175 0.0005406
0.0690000 -1.1278365 1.9121527 0.0005388
0.0695000 -1.1259146 1.9115887 0.0005370
0.0700000 -1.1239932 1.9110258 0.0005352
0.0705000 -1.1220721 1.9104638 0.0005333
0.0710000 -1.1201515 1.9099027 0.0005315
0.0715000 -1.1182314 1.9093427 0.0005296
0.0720000 -1.1163116 1.9087836 0.0005277
0.0725000 -1.1143923 1.9082254 0.0005259
0.0730000 -1.1124733 1.9076682 0.0005240
0.0735000 -1.1105548 1.9071120 0.0005221
0.0740000 -1.1086367 1.9065567 0.0005202
0.0745000 -1.1067189 1.9060024 0.0005183
0.0750000 -1.1048016 1.9054490 0.0005164
0.0755000 -1.1028847 1.9048966 0.0005144
0.0760000 -1.1009682 1.9043452 0.0005125
0.0765000 -1.0990521 1.9037947 0.0005105
0.0770000 -1.0971364 1.9032452 0.0005086
0.0775000 -1.0952210 1.9026966 0.0005066
0.0780000 -1.0933061 1.9021490 0.0005047
0.0785000 -1.0913915 1.9016023 0.0005027
0.0790000 -1.0894774 1.9010566 0.0005007
0.0795000 -1.0875636 1.9005119 0.0004987
0.0800000 -1.0856502 1.8999681 0.0004967
0.0805000 -1.0837372 1.8994253 0.0004947
0.0810000 -1.0818246 1.8988834 0.0004926
0.0815000 -1.0799123 1.8983425 0.0004906
0.0820000 -1.0780004 1.8978025 0.0004885
0.0825000 -1.0760889 1.8972635 0.0004865
0.0830000 -1.0741778 1.8967255 0.0004844
0.0835000 -1.0722670 1.8961884 0.0004824
0.0840000 -1.0703566 1.8956523 0.0004803
0.0845000 -1.0684466 1.8951171 0.0004782
0.0850000 -1.0665369 1.8945829 0.0004761
0.0855000 -1.0646276 1.8940496 0.0004740
0.0860000 -1.0627186 1.8935173 0.0004719
0.0865000 -1.0608100 1.8929859 0.0004697
0.0870000 -1.0589018 1.8924555 0.0004676
0.0875000 -1.0569939 1.8919261 0.0004655
0.0880000 -1.0550864 1.8913976 0.0004633
0.0885000 -1.0531792 1.8908700 0.0004611
0.0890000 -1.0512724 1.8903435 0.0004590
0.0895000 -1.0493659 1.8898178 0.0004568
0.0900000 -1.0474597 1.8892931 0.0004546
0.0905000 -1.0455539 1.8887694 0.0004524
0.0910000 -1.0436484 1.8882466 0.0004502
0.0915000 -1.0417433 1.8877248 0.0004480
0.0920000 -1.0398385 1.8872039 0.0004458
0.0925000 -1.0379340 1.8866840 0.0004435
0.0930000 -1.0360299 1.8861650 0.0004413
0.0935000 -1.0341261 1.8856470 0.0004390
0.0940000 -1.0322226 1.8851300 0.0004368
0.0945000 -1.0303195 1.8846139 0.0004345
0.0950000 -1.0284167 1.8840987 0.0004322
0.0955000 -1.0265141 1.8835845 0.0004300
0.0960000 -1.0246120 1.8830712 0.0004277
0.0965000 -1.0227101 1.8825589 0.0004254
0.0970000 -1.0208085 1.8820476 0.0004231
0.0975000 -1.0189073 1.8815372 0.0004207
0.0980000 -1.0170064 1.8810277 0.0004184
0.0985000 -1.0151057 1.8805192 0.0004161
0.0990000 -1.0132054 1.8800117 0.0004137
0.0995000 -1.0113054 1.8795051 0.0004114
0.1000000 -1.0094057 1.8789994 0.0004090
0.1005000 -1.0075063 1.8784947 0.0004066
0.1010000 -1.0056072 1.8779909 0.0004043
0.1015000 -1.0037084 1.8774881 0.0004019
0.1020000 -1.0018099 1.8769863 0.0003995
0.1025000 -0.9999117 1.8764854 0.0003971
0.1030000 -0.9980137 1.8759854 0.0003946
0.1035000 -0.9961161 1.8754864 0.0003922
0.1040000 -0.9942187 1.8749884 0.0003898
0.1045000 -0.9923217 1.8744912 0.0003873
0.1050000 -0.9904249 1.8739951 0.0003849
0.1055000 -0.9885284 1.8734999 0.0003824
0.1060000 -0.9866322 1.8730056 0.0003800
0.1065000 -0.9847362 1.8725123 0.0003775
0.1070000 -0.9828405 1.8720199 0.0003750
0.1075000 -0.9809451 1.8715285 0.0003725
0.1080000 -0.9790500 1.8710380 0.0003700
0.1085000 -0.9771551 1.8705485 0.0003675
0.1090000 -0.9752605 1.8700599 0.0003650
0.1095000 -0.9733662 1.8695723 0.0003624
0.1100000 -0.9714721 1.8690856 0.0003599
0.1105000 -0.9695783 1.8685999 0.0003574
0.1110000 -0.9676848 1.8681151 0.0003548
0.1115000 -0.9657915 1.8676313 0.0003522
0.1120000 -0.9638985 1.8671484 0.0003497
0.1125000 -0.9620057 1.8666664 0.0003471
0.1130000 -0.9601131 1.8661854 0.0003445
0.1135000 -0.9582209 1.8657053 0.0003419
0.1140000 -0.9563288 1.8652262 0.0003393
0.1145000 -0.9544370 1.8647481 0.0003367
0.1150000 -0.9525455 1.8642709 0.0003341
0.1155000 -0.9506542 1.8637946 0.0003314
0.1160000 -0.9487631 1.8633193 0.0003288
0.1165000 -0.9468723 1.8628449 0.0003261
0.1170000 -0.9449817 1.8623714 0.0003235
0.1175000 -0.9430913 1.8618989 0.0003208
0.1180000 -0.9412012 1.8614274 0.0003181
0.1185000 -0.9393113 1.8609568 0.0003154
0.1190000 -0.9374216 1.8604871 0.0003128
0.1195000 -0.9355321 1.8600184 0.0003101
0.1200000 -0.9336429 1.8595507 0.0003073
0.1205000 -0.9317539 1.8590838 0.0003046
0.1210000 -0.9298651 1.8586180 0.0003019
0.1215000 -0.9279765 1.8581530 0.0002992
0.1220000 -0.9260881 1.8576890 0.0002964
0.1225000 -0.9242000 1.8572260 0.0002937
0.1230000 -0.9223120 1.8567639 0.0002909
0.1235000 -0.9204243 1.8563027 0.0002881
0.1240000 -0.9185367 1.8558425 0.0002854
0.1245000 -0.9166494 1.8553833 0.0002826
0.1250000 -0.9147623 1.8549249 0.0002798
0.1255000 -0.9128754 1.8544676 0.0002770
0.1260000 -0.9109886 1.8540111 0.0002742
0.1265000 -0.9091021 1.8535556 0.0002714
0.1270000 -0.9072158 1.8531011 0.0002685
0.1275000 -0.9053296 1.8526475 0.0002657
0.1280000 -0.9034437 1.8521948 0.0002628
0.1285000 -0.9015579 1.8517431 0.0002600
0.1290000 -0.8996723 1.8512923 0.0002571
0.1295000 -0.8977869 1.8508425 0.0002543
0.1300000 -0.8959017 1.8503936 0.0002514
0.1305000 -0.8940167 1.8499456 0.0002485
0.1310000 -0.8921318 1.8494986 0.0002456
0.1315000 -0.8902471 1.8490525 0.0002427
0.1320000 -0.8883626 1.8486074 0.0002398
0.1325000 -0.8864783 1.8481632 0.0002369
0.1330000 -0.8845941 1.8477200 0.0002339
0.1335000 -0.8827101 1.8472777 0.0002310
0.1340000 -0.8808262 1.8468364 0.0002280
0.1345000 -0.8789426 1.8463959 0.0002251
0.1350000 -0.8770590 1.8459565 0.0002221
0.1355000 -0.8751757 1.8455179 0.0002192
0.1360000 -0.8732925 1.8450804 0.0002162
0.1365000 -0.8714094 1.8446437 0.0002132
0.1370000 -0.8695265 1.8442080 0.0002102
0.1375000 -0.8676438 1.8437732 0.0002072
0.1380000 -0.8657612 1.8433394 0.0002042
0.1385000 -0.8638788 1.8429065 0.0002012
0.1390000 -0.8619965 1.8424746 0.0001981
0.1395000 -0.8601143 1.8420436 0.0001951
0.1400000 -0.8582323 1.8416135 0.0001920
0.1405000 -0.8563504 1.8411844 0.0001890
0.1410000 -0.8544687 1.8407562 0.0001859
0.1415000 -0.8525870 1.8403290 0.0001828
0.1420000 -0.8507056 1.8399027 0.0001798
0.1425000 -0.8488242 1.8394774 0.0001767
0.1430000 -0.8469430 1.8390530 0.0001736
0.1435000 -0.8450619 1.8386295 0.0001705
0.1440000 -0.8431809 1.8382070 0.0001674
0.1445000 -0.8413001 1.8377854 0.0001642
0.1450000 -0.8394194 1.8373647 0.0001611
0.1455000 -0.8375387 1.8369450 0.0001580
0.1460000 -0.8356582 1.8365262 0.0001548
0.1465000 -0.8337779 1.8361084 0.0001517
0.1470000 -0.8318976 1.8356915 0.0001485
0.1475000 -0.8300174 1.8352756 0.0001453
0.1480000 -0.8281374 1.8348606 0.0001422
0.1485000 -0.8262574 1.8344465 0.0001390
0.1490000 -0.8243776 1.8340334 0.0001358
0.1495000 -0.8224978 1.8336212 0.0001326
0.1500000 -0.8206182 1.8332099 0.0001294
0.1505000 -0.8187386 1.8327996 0.0001261
0.1510000 -0.8168592 1.8323902 0.0001229
0.1515000 -0.8149798 1.8319818 0.0001197
0.1520000 -0.8131006 1.8315743 0.0001164
0.1525000 -0.8112214 1.8311678 0.0001132
0.1530000 -0.8093423 1.8307622 0.0001099
0.1535000 -0.8074633 1.8303575 0.0001066
0.1540000 -0.8055844 1.8299538 0.0001034
0.1545000 -0.8037055 1.8295510 0.0001001
0.1550000 -0.8018267 1.8291491 0.0000968
0.1555000 -0.7999480 1.8287482 0.0000935
0.1560000 -0.7980694 1.8283482 0.0000902
0.1565000 -0.7961909 1.8279492 0.0000868
0.1570000 -0.7943124 1.8275511 0.0000835
0.1575000 -0.7924340 1.8271539 0.0000802
0.1580000 -0.7905556 1.8267577 0.0000768
0.1585000 -0.7886774 1.8263624 0.0000735
0.1590000 -0.7867991 1.8259681 0.0000701
0.1595000 -0.7849210 1.8255747 0.0000668
0.1600000 -0.7830429 1.8251822 0.0000634
0.1605000 -0.7811648 1.8247907 0.0000600
0.1610000 -0.7792868 1.8244001 0.0000566
0.1615000 -0.7774089 1.8240105 0.0000532
0.1620000 -0.7755310 1.8236218 0.0000498
0.1625000 -0.7736532 1.8232340 0.0000464
0.1630000 -0.7717754 1.8228472 0.0000429
0.1635000 -0.7698976 1.8224613 0.0000395
0.1640000 -0.7680199 1.8220764 0.0000361
0.1645000 -0.7661422 1.8216924 0.0000326
0.1650000 -0.7642645 1.8213093 0.0000292
0.1655000 -0.7623869 1.8209272 0.0000257
0.1660000 -0.7605094 1.8205460 0.0000222
0.1665000 -0.7586318 1.8201657 0.0000187
0.1670000 -0.7567543 1.8197864 0.0000153
0.1675000 -0.7548768 1.8194080 0.0000118
0.1680000 -0.7529993 1.8190306 0.0000082
0.1685000 -0.7511219 1.8186541 0.0000047
0.1690000 -0.7492444 1.8182785 0.0000012
0.1695000 -0.7473670 1.8179039 -0.0000023
0.1700000 -0.7454896 1.8175302 -0.0000059
0.1705000 -0.7436122 1.8171575 -0.0000094
0.1710000 -0.7417349 1.8167857 -0.0000130
0.1715000 -0.7398575 1.8164148 -0.0000165
0.1720000 -0.7379801 1.8160449 -0.0000201
0.1725000 -0.7361028 1.8156759 -0.0000237
0.1730000 -0.7342254 1.8153078 -0.0000273
0.1735000 -0.7323481 1.8149407 -0.0000309
0.1740000 -0.7304707 1.8145745 -0.0000345
0.1745000 -0.7285934 1.8142093 -0.0000381
0.1750000 -0.7267160 1.8138450 -0.0000417
0.1755000 -0.7248386 1.8134816 -0.0000453
0.1760000 -0.7229612 1.8131192 -0.0000490
0.1765000 -0.7210839 1.8127577 -0.0000526
0.1770000 -0.7192064 1.8123972 -0.0000563
0.1775000 -0.7173290 1.8120376 -0.0000599
0.1780000 -0.7154516 1.8116789 -0.0000636
0.1785000 -0.7135741 1.8113212 -0.0000673
0.1790000 -0.7116966 1.8109644 -0.0000709
0.1795000 -0.7098191 1.8106086 -0.0000746
0.1800000 -0.7079416 1.8102537 -0.0000783
0.1805000 -0.7060640 1.8098997 -0.0000820
0.1810000 -0.7041864 1.8095467 -0.0000858
0.1815000 -0.7023087 1.8091946 -0.0000895
0.1820000 -0.7004311 1.8088434 -0.0000932
0.1825000 -0.6985534 1.8084932 -0.0000969
0.1830000 -0.6966756 1.8081439 -0.0001007
0.1835000 -0.6947978 1.8077956 -0.0001045
0.1840000 -0.6929200 1.8074482 -0.0001082
0.1845000 -0.6910421 1.8071017 -0.0001120
0.1850000 -0.6891642 1.8067562 -0.0001158
0.1855000 -0.6872862 1.8064116 -0.0001196
0.1860000 -0.6854081 1.8060680 -0.0001233
0.1865000 -0.6835300 1.8057253 -0.0001272
0.1870000 -0.6816519 1.8053835 -0.0001310
0.1875000 -0.6797737 1.8050427 -0.0001348
0.1880000 -0.6778954 1.8047028 -0.0001386
0.1885000 -0.6760171 1.8043638 -0.0001424
0.1890000 -0.6741387 1.8040258 -0.0001463
0.1895000 -0.6722602 1.8036888 -0.0001501
0.1900000 -0.6703816 1.8033526 -0.0001540
0.1905000 -0.6685030 1.8030175 -0.0001579
0.1910000 -0.6666243 1.8026832 -0.0001617
0.1915000 -0.6647456 1.8023499 -0.0001656
0.1920000 -0.6628667 1.8020175 -0.0001695
0.1925000 -0.6609878 1.8016861 -0.0001734
0.1930000 -0.6591088 1.8013556 -0.0001773
0.1935000 -0.6572297 1.8010260 -0.0001812
0.1940000 -0.6553505 1.8006974 -0.0001852
0.1945000 -0.6534712 1.8003697 -0.0001891
0.1950000 -0.6515919 1.8000430 -0.0001930
0.1955000 -0.6497124 1.7997172 -0.0001970
0.1960000 -0.6478328 1.7993924 -0.0002009
0.1965000 -0.6459532 1.7990684 -0.0002049
0.1970000 -0.6440734 1.7987455 -0.0002088
0.1975000 -0.6421936 1.7984234 -0.0002128
0.1980000 -0.6403136 1.7981023 -0.0002168
0.1985000 -0.6384335 1.7977822 -0.0002208
0.1990000 -0.6365533 1.7974630 -0.0002248
0.1995000 -0.6346730 1.7971447 -0.0002288
0.2000000 -0.6327926 1.7968273 -0.0002328
0.2005000 -0.6309121 1.7965109 -0.0002368
0.2010000 -0.6290315 1.7961955 -0.0002409
0.2015000 -0.6271507 1.7958810 -0.0002449
0.2020000 -0.6252698 1.7955674 -0.0002490
0.2025000 -0.6233888 1.7952548 -0.0002530
0.2030000 -0.6215077 1.7949431 -0.0002571
0.2035000 -0.6196264 1.7946323 -0.0002612
0.2040000 -0.6177450 1.7943225 -0.0002652
0.2045000 -0.6158634 1.7940136 -0.0002693
0.2050000 -0.6139818 1.7937057 -0.0002734
0.2055000 -0.6121000 1.7933987 -0.0002775
0.2060000 -0.6102180 1.7930927 -0.0002816
0.2065000 -0.6083359 1.7927875 -0.0002857
0.2070000 -0.6064537 1.7924834 -0.0002899
0.2075000 -0.6045713 1.7921802 -0.0002940
0.2080000 -0.6026888 1.7918779 -0.0002981
0.2085000 -0.6008061 1.7915765 -0.0003023
0.2090000 -0.5989232 1.7912761 -0.0003065
0.2095000 -0.5970402 1.7909767 -0.0003106
0.2100000 -0.5951571 1.7906781 -0.0003148
0.2105000 -0.5932738 1.7903806 -0.0003190
0.2110000 -0.5913903 1.7900839 -0.0003232
0.2115000 -0.5895067 1.7897882 -0.0003274
0.2120000 -0.5876229 1.7894935 -0.0003316
0.2125000 -0.5857389 1.7891997 -0.0003358
0.2130000 -0.5838547 1.7889068 -0.0003400
0.2135000 -0.5819704 1.7886149 -0.0003442
0.2140000 -0.5800859 1.7883239 -0.0003484
0.2145000 -0.5782012 1.7880338 -0.0003527
0.2150000 -0.5763164 1.7877447 -0.0003569
0.2155000 -0.5744313 1.7874566 -0.0003612
0.2160000 -0.5725461 1.7871694 -0.0003655
0.2165000 -0.5706607 1.7868831 -0.0003697
0.2170000 -0.5687751 1.7865978 -0.0003740
0.2175000 -0.5668893 1.7863134 -0.0003783
0.2180000 -0.5650033 1.7860299 -0.0003826
0.2185000 -0.5631171 1.7857474 -0.0003869
0.2190000 -0.5612307 1.7854659 -0.0003912
0.2195000 -0.5593442 1.7851853 -0.0003955
0.2200000 -0.5574574 1.7849056 -0.0003999
0.2205000 -0.5555704 1.7846269 -0.0004042
0.2210000 -0.5536832 1.7843491 -0.0004085
0.2215000 -0.5517958 1.7840722 -0.0004129
0.2220000 -0.5499082 1.7837963 -0.0004172
0.2225000 -0.5480203 1.7835214 -0.0004216
0.2230000 -0.5461323 1.7832474 -0.0004260
0.2235000 -0.5442440 1.7829743 -0.0004304
0.2240000 -0.5423555 1.7827022 -0.0004347
0.2245000 -0.5404668 1.7824310 -0.0004391
0.2250000 -0.5385779 1.7821608 -0.0004435
0.2255000 -0.5366887 1.7818915 -0.0004480
0.2260000 -0.5347993 1.7816231 -0.0004524
0.2265000 -0.5329097 1.7813557 -0.0004568
0.2270000 -0.5310198 1.7810893 -0.0004612
0.2275000 -0.5291297 1.7808238 -0.0004657
0.2280000 -0.5272394 1.7805592 -0.0004701
0.2285000 -0.5253488 1.7802956 -0.0004746
0.2290000 -0.5234580 1.7800329 -0.0004790
0.2295000 -0.5215669 1.7797712 -0.0004835
0.2300000 -0.5196756 1.7795104 -0.0004880
0.2305000 -0.5177840 1.7792506 -0.0004925
0.2310000 -0.5158922 1.7789917 -0.0004970
0.2315000 -0.5140001 1.7787337 -0.0005015
0.2320000 -0.5121078 1.7784767 -0.0005060
0.2325000 -0.5102152 1.7782207 -0.0005105
0.2330000 -0.5083223 1.7779656 -0.0005150
0.2335000 -0.5064292 1.7777114 -0.0005196
0.2340000 -0.5045358 1.7774582 -0.0005241
0.2345000 -0.5026422 1.7772059 -0.0005287
0.2350000 -0.5007482 1.7769546 -0.0005332
0.2355000 -0.4988540 1.7767042 -0.0005378
0.2360000 -0.4969596 1.7764548 -0.0005423
0.2365000 -0.4950648 1.7762063 -0.0005469
0.2370000 -0.4931698 1.7759588 -0.0005515
0.2375000 -0.4912744 1.7757122 -0.0005561
0.2380000 -0.4893788 1.7754666 -0.0005607
0.2385000 -0.4874830 1.7752219 -0.0005653
0.2390000 -0.4855868 1.7749781 -0.0005699
0.2395000 -0.4836903 1.7747353 -0.0005746
0.2400000 -0.4817935 1.7744935 -0.0005792
0.2405000 -0.4798965 1.7742526 -0.0005838
0.2410000 -0.4779991 1.7740126 -0.0005885
0.2415000 -0.4761015 1.7737736 -0.0005931
0.2420000 -0.4742035 1.7735356 -0.0005978
0.2425000 -0.4723052 1.7732985 -0.0006025
0.2430000 -0.4704066 1.7730623 -0.0006071
0.2435000 -0.4685077 1.7728271 -0.0006118
0.2440000 -0.4666085 1.7725929 -0.0006165
0.2445000 -0.4647090 1.7723596 -0.0006212
0.2450000 -0.4628092 1.7721272 -0.0006259
0.2455000 -0.4609090 1.7718958 -0.0006306
0.2460000 -0.4590086 1.7716654 -0.0006354
0.2465000 -0.4571077 1.7714359 -0.0006401
0.2470000 -0.4552066 1.7712073 -0.0006448
0.2475000 -0.4533052 1.7709797 -0.0006496
0.2480000 -0.4514034 1.7707530 -0.0006543
0.2485000 -0.4495012 1.7705273 -0.0006591
0.2490000 -0.4475988 1.7703026 -0.0006638
0.2495000 -0.4456960 1.7700788 -0.0006686
0.2500000 -0.4437928 1.7698559 -0.0006734
0.2505000 -0.4418894 1.7696341 -0.0006782
0.2510000 -0.4399855 1.7694131 -0.0006830
0.2515000 -0.4380814 1.7691931 -0.0006878
0.2520000 -0.4361768 1.7689741 -0.0006926
0.2525000 -0.4342719 1.7687560 -0.0006974
0.2530000 -0.4323667 1.7685388 -0.0007022
0.2535000 -0.4304611 1.7683227 -0.0007071
0.2540000 -0.4285552 1.7681074 -0.0007119
0.2545000 -0.4266488 1.7678932 -0.0007168
0.2550000 -0.4247422 1.7676798 -0.0007216
0.2555000 -0.4228351 1.7674675 -0.0007265
0.2560000 -0.4209277 1.7672560 -0.0007314
0.2565000 -0.4190199 1.7670456 -0.0007362
0.2570000 -0.4171117 1.7668361 -0.0007411
0.2575000 -0.4152032 1.7666275 -0.0007460
0.2580000 -0.4132943 1.7664199 -0.0007509
0.2585000 -0.4113850 1.7662133 -0.0007558
0.2590000 -0.4094753 1.7660076 -0.0007608
0.2595000 -0.4075652 1.7658028 -0.0007657
0.2600000 -0.4056548 1.7655991 -0.0007706
0.2605000 -0.4037439 1.7653962 -0.0007755
0.2610000 -0.4018327 1.7651944 -0.0007805
0.2615000 -0.3999210 1.7649934 -0.0007854
0.2620000 -0.3980090 1.7647935 -0.0007904
0.2625000 -0.3960966 1.7645945 -0.0007954
0.2630000 -0.3941837 1.7643964 -0.0008004
0.2635000 -0.3922705 1.7641993 -0.0008053
0.2640000 -0.3903568 1.7640032 -0.0008103
0.2645000 -0.3884428 1.7638080 -0.0008153
0.2650000 -0.3865283 1.7636138 -0.0008203
0.2655000 -0.3846134 1.7634205 -0.0008253
0.2660000 -0.3826981 1.7632282 -0.0008304
0.2665000 -0.3807824 1.7630369 -0.0008354
0.2670000 -0.3788662 1.7628465 -0.0008404
0.2675000 -0.3769496 1.7626571 -0.0008455
0.2680000 -0.3750326 1.7624686 -0.0008505
0.2685000 -0.3731152 1.7622811 -0.0008556
0.2690000 -0.3711973 1.7620945 -0.0008606
0.2695000 -0.3692790 1.7619089 -0.0008657
0.2700000 -0.3673603 1.7617243 -0.0008708
0.2705000 -0.3654411 1.7615406 -0.0008759
0.2710000 -0.3635215 1.7613579 -0.0008810
0.2715000 -0.3616015 1.7611761 -0.0008861
0.2720000 -0.3596810 1.7609953 -0.0008912
0.2725000 -0.3577600 1.7608155 -0.0008963
0.2730000 -0.3558386 1.7606366 -0.0009014
0.2735000 -0.3539167 1.7604587 -0.0009066
0.2740000 -0.3519944 1.7602817 -0.0009117
0.2745000 -0.3500716 1.7601057 -0.0009168
0.2750000 -0.3481484 1.7599307 -0.0009220
0.2755000 -0.3462247 1.7597566 -0.0009272
0.2760000 -0.3443005 1.7595835 -0.0009323
0.2765000 -0.3423759 1.7594113 -0.0009375
0.2770000 -0.3404508 1.7592401 -0.0009427
0.2775000 -0.3385252 1.7590699 -0.0009479
0.2780000 -0.3365992 1.7589007 -0.0009531
0.2785000 -0.3346726 1.7587324 -0.0009583
0.2790000 -0.3327456 1.7585650 -0.0009635
0.2795000 -0.3308181 1.7583987 -0.0009687
0.2800000 -0.3288901 1.7582332 -0.0009739
0.2805000 -0.3269616 1.7580688 -0.0009792
0.2810000 -0.3250327 1.7579053 -0.0009844
0.2815000 -0.3231032 1.7577428 -0.0009897
0.2820000 -0.3211733 1.7575812 -0.0009949
0.2825000 -0.3192428 1.7574207 -0.0010002
0.2830000 -0.3173118 1.7572610 -0.0010054
0.2835000 -0.3153804 1.7571024 -0.0010107
0.2840000 -0.3134484 1.7569447 -0.0010160
0.2845000 -0.3115160 1.7567880 -0.0010213
0.2850000 -0.3095830 1.7566322 -0.0010266
0.2855000 -0.3076495 1.7564774 -0.0010319
0.2860000 -0.3057155 1.7563236 -0.0010372
0.2865000 -0.3037809 1.7561707 -0.0010425
0.2870000 -0.3018459 1.7560188 -0.0010479
0.2875000 -0.2999103 1.7558679 -0.0010532
0.2880000 -0.2979742 1.7557180 -0.0010586
0.2885000 -0.2960376 1.7555690 -0.0010639
0.2890000 -0.2941004 1.7554210 -0.0010693
0.2895000 -0.2921627 1.7552739 -0.0010746
0.2900000 -0.2902245 1.7551278 -0.0010800
0.2905000 -0.2882857 1.7549827 -0.0010854
0.2910000 -0.2863464 1.7548386 -0.0010908
0.2915000 -0.2844065 1.7546954 -0.0010962
0.2920000 -0.2824661 1.7545532 -0.0011016
0.2925000 -0.2805252 1.7544120 -0.0011070
0.2930000 -0.2785837 1.7542717 -0.0011124
0.2935000 -0.2766416 1.7541324 -0.0011178
0.2940000 -0.2746990 1.7539941 -0.0011232
0.2945000 -0.2727559 1.7538567 -0.0011287
0.2950000 -0.2708121 1.7537204 -0.0011341
0.2955000 -0.2688678 1.7535850 -0.0011396
0.2960000 -0.2669230 1.7534505 -0.0011450
0.2965000 -0.2649775 1.7533171 -0.0011505
0.2970000 -0.2630315 1.7531846 -0.0011560
0.2975000 -0.2610849 1.7530531 -0.0011615
0.2980000 -0.2591378 1.7529225 -0.0011670
0.2985000 -0.2571901 1.7527929 -0.0011725
0.2990000 -0.2552417 1.7526644 -0.0011780
0.2995000 -0.2532928 1.7525367 -0.0011835
0.3000000 -0.2513434 1.7524101 -0.0011890
0.3005000 -0.2493933 1.7522844 -0.0011945
0.3010000 -0.2474426 1.7521597 -0.0012000
0.3015000 -0.2454913 1.7520360 -0.0012056
0.3020000 -0.2435395 1.7519133 -0.0012111
0.3025000 -0.2415870 1.7517915 -0.0012167
0.3030000 -0.2396339 1.7516707 -0.0012222
0.3035000 -0.2376803 1.7515509 -0.0012278
0.3040000 -0.2357260 1.7514320 -0.0012334
0.3045000 -0.2337711 1.7513142 -0.0012390
0.3050000 -0.2318156 1.7511973 -0.0012446
0.3055000 -0.2298595 1.7510814 -0.0012502
0.3060000 -0.2279028 1.7509664 -0.0012558
0.3065000 -0.2259454 1.7508525 -0.0012614
0.3070000 -0.2239874 1.7507395 -0.0012670
0.3075000 -0.2220288 1.7506275 -0.0012726
0.3080000 -0.2200696 1.7505165 -0.0012782
0.3085000 -0.2181097 1.7504065 -0.0012839
0.3090000 -0.2161492 1.7502974 -0.0012895
0.3095000 -0.2141881 1.7501893 -0.0012952
0.3100000 -0.2122263 1.7500823 -0.0013009
0.3105000 -0.2102639 1.7499761 -0.0013065
0.3110000 -0.2083008 1.7498710 -0.0013122
0.3115000 -0.2063371 1.7497669 -0.0013179
0.3120000 -0.2043727 1.7496637 -0.0013236
0.3125000 -0.2024077 1.7495615 -0.0013293
0.3130000 -0.2004421 1.7494603 -0.0013350
0.3135000 -0.1984757 1.7493601 -0.0013407
0.3140000 -0.1965088 1.7492608 -0.0013464
0.3145000 -0.1945411 1.7491626 -0.0013521
0.3150000 -0.1925728 1.7490653 -0.0013579
0.3155000 -0.1906038 1.7489690 -0.0013636
0.3160000 -0.1886342 1.7488737 -0.0013694
0.3165000 -0.1866638 1.7487794 -0.0013751
0.3170000 -0.1846928 1.7486861 -0.0013809
0.3175000 -0.1827211 1.7485937 -0.0013866
0.3180000 -0.1807488 1.7485024 -0.0013924
0.3185000 -0.1787757 1.7484120 -0.0013982
0.3190000 -0.1768020 1.7483226 -0.0014040
0.3195000 -0.1748276 1.7482342 -0.0014098
0.3200000 -0.1728525 1.7481468 -0.0014156
0.3205000 -0.1708766 1.7480604 -0.0014214
0.3210000 -0.1689001 1.7479749 -0.0014272
0.3215000 -0.1669229 1.7478905 -0.0014331
0.3220000 -0.1649450 1.7478070 -0.0014389
0.3225000 -0.1629664 1.7477245 -0.0014447
0.3230000 -0.1609871 1.7476431 -0.0014506
0.3235000 -0.1590070 1.7475626 -0.0014564
0.3240000 -0.1570263 1.7474831 -0.0014623
0.3245000 -0.1550448 1.7474046 -0.0014682
0.3250000 -0.1530626 1.7473270 -0.0014740
0.3255000 -0.1510797 1.7472505 -0.0014799
0.3260000 -0.1490961 1.7471750 -0.0014858
0.3265000 -0.1471117 1.7471004 -0.0014917
0.3270000 -0.1451266 1.7470269 -0.0014976
0.3275000 -0.1431408 1.7469543 -0.0015035
0.3280000 -0.1411542 1.7468827 -0.0015094
0.3285000 -0.1391669 1.7468121 -0.0015154
0.3290000 -0.1371789 1.7467426 -0.0015213
0.3295000 -0.1351901 1.7466740 -0.0015272
0.3300000 -0.1332006 1.7466064 -0.0015332
0.3305000 -0.1312103 1.7465398 -0.0015392
0.3310000 -0.1292192 1.7464742 -0.0015451
0.3315000 -0.1272275 1.7464096 -0.0015511
0.3320000 -0.1252349 1.7463459 -0.0015571
0.3325000 -0.1232416 1.7462833 -0.0015630
0.3330000 -0.1212475 1.7462217 -0.0015690
0.3335000 -0.1192527 1.7461611 -0.0015750
0.3340000 -0.1172571 1.7461015 -0.0015810
0.3345000 -0.1152607 1.7460428 -0.0015870
0.3350000 -0.1132636 1.7459852 -0.0015931
0.3355000 -0.1112656 1.7459286 -0.0015991
0.3360000 -0.1092669 1.7458729 -0.0016051
0.3365000 -0.1072675 1.7458183 -0.0016112
0.3370000 -0.1052672 1.7457647 -0.0016172
0.3375000 -0.1032661 1.7457120 -0.0016233
0.3380000 -0.1012643 1.7456604 -0.0016293
0.3385000 -0.0992616 1.7456098 -0.0016354
0.3390000 -0.0972582 1.7455601 -0.0016415
0.3395000 -0.0952539 1.7455115 -0.0016475
0.3400000 -0.0932489 1.7454639 -0.0016536
0.3405000 -0.0912430 1.7454173 -0.0016597
0.3410000 -0.0892364 1.7453716 -0.0016658
0.3415000 -0.0872289 1.7453270 -0.0016719
0.3420000 -0.0852206 1.7452834 -0.0016781
0.3425000 -0.0832115 1.7452408 -0.0016842
0.3430000 -0.0812016 1.7451992 -0.0016903
0.3435000 -0.0791909 1.7451586 -0.0016965
0.3440000 -0.0771793 1.7451190 -0.0017026
0.3445000 -0.0751669 1.7450804 -0.0017088
0.3450000 -0.0731537 1.7450428 -0.0017149
0.3455000 -0.0711397 1.7450062 -0.0017211
0.3460000 -0.0691248 1.7449707 -0.0017273
0.3465000 -0.0671090 1.7449361 -0.0017334
0.3470000 -0.0650925 1.7449026 -0.0017396
0.3475000 -0.0630751 1.7448700 -0.0017458
0.3480000 -0.0610568 1.7448385 -0.0017520
0.3485000 -0.0590377 1.7448079 -0.0017582
0.3490000 -0.0570177 1.7447784 -0.0017644
0.3495000 -0.0549969 1.7447499 -0.0017707
0.3500000 -0.0529752 1.7447224 -0.0017769
0.3505000 -0.0509527 1.7446959 -0.0017831
0.3510000 -0.0489293 1.7446705 -0.0017894
0.3515000 -0.0469050 1.7446460 -0.0017956
0.3520000 -0.0448799 1.7446225 -0.0018019
0.3525000 -0.0428539 1.7446001 -0.0018082
0.3530000 -0.0408270 1.7445787 -0.0018144
0.3535000 -0.0387992 1.7445583 -0.0018207
0.3540000 -0.0367705 1.7445389 -0.0018270
0.3545000 -0.0347410 1.7445205 -0.0018333
0.3550000 -0.0327106 1.7445031 -0.0018396
0.3555000 -0.0306793 1.7444867 -0.0018459
0.3560000 -0.0286471 1.7444714 -0.0018522
0.3565000 -0.0266140 1.7444571 -0.0018585
0.3570000 -0.0245800 1.7444438 -0.0018649
0.3575000 -0.0225451 1.7444315 -0.0018712
0.3580000 -0.0205092 1.7444202 -0.0018775
0.3585000 -0.0184725 1.7444100 -0.0018839
0.3590000 -0.0164349 1.7444007 -0.0018902
0.3595000 -0.0143964 1.7443925 -0.0018966
0.3600000 -0.0123569 1.7443853 -0.0019030
0.3605000 -0.0103165 1.7443791 -0.0019094
0.3610000 -0.0082752 1.7443740 -0.0019157
0.3615000 -0.0062330 1.7443698 -0.0019221
0.3620000 -0.0041898 1.7443667 -0.0019285
0.3625000 -0.0021458 1.7443646 -0.0019349
0.3630000 -0.0001007 1.7443635 -0.0019413
0.3635000 0.0019452 1.7443635 -0.0019478
0.3640000 0.0039921 1.7443645 -0.0019542
0.3645000 0.0060400 1.7443665 -0.0019606
0.3650000 0.0080888 1.7443695 -0.0019671
0.3655000 0.0101385 1.7443735 -0.0019735
0.3660000 0.0121892 1.7443786 -0.0019800
0.3665000 0.0142408 1.7443847 -0.0019864
0.3670000 0.0162934 1.7443918 -0.0019929
0.3675000 0.0183470 1.7444000 -0.0019994
0.3680000 0.0204015 1.7444091 -0.0020059
0.3685000 0.0224570 1.7444193 -0.0020123
0.3690000 0.0245135 1.7444306 -0.0020188
0.3695000 0.0265709 1.7444428 -0.0020253
0.3700000 0.0286293 1.7444561 -0.0020319
0.3705000 0.0306887 1.7444704 -0.0020384
0.3710000 0.0327491 1.7444858 -0.0020449
0.3715000 0.0348104 1.7445021 -0.0020514
0.3720000 0.0368728 1.7445195 -0.0020580
0.3725000 0.0389361 1.7445380 -0.0020645
0.3730000 0.0410005 1.7445574 -0.0020711
0.3735000 0.0430658 1.7445779 -0.0020776
0.3740000 0.0451321 1.7445995 -0.0020842
0.3745000 0.0471995 1.7446220 -0.0020908
0.3750000 0.0492678 1.7446456 -0.0020973
0.3755000 0.0513371 1.7446703 -0.0021039
0.3760000 0.0534075 1.7446959 -0.0021105
0.3765000 0.0554789 1.7447227 -0.0021171
0.3770000 0.0575513 1.7447504 -0.0021237
0.3775000 0.0596247 1.7447792 -0.0021303
0.3780000 0.0616991 1.7448090 -0.0021370
0.3785000 0.0637746 1.7448398 -0.0021436
0.3790000 0.0658511 1.7448717 -0.0021502
0.3795000 0.0679286 1.7449046 -0.0021569
0.3800000 0.0700072 1.7449386 -0.0021635
0.3805000 0.0720868 1.7449736 -0.0021702
0.3810000 0.0741675 1.7450097 -0.0021768
0.3815000 0.0762491 1.7450467 -0.0021835
0.3820000 0.0783319 1.7450849 -0.0021902
0.3825000 0.0804157 1.7451240 -0.0021969
0.3830000 0.0825005 1.7451642 -0.0022036
0.3835000 0.0845865 1.7452055 -0.0022103
0.3840000 0.0866734 1.7452478 -0.0022170
0.3845000 0.0887615 1.7452911 -0.0022237
0.3850000 0.0908506 1.7453355 -0.0022304
0.3855000 0.0929408 1.7453809 -0.0022371
0.3860000 0.0950320 1.7454274 -0.0022438
0.3865000 0.0971243 1.7454749 -0.0022506
0.3870000 0.0992177 1.7455235 -0.0022573
0.3875000 0.1013122 1.7455731 -0.0022641
0.3880000 0.1034078 1.7456237 -0.0022708
0.3885000 0.1055045 1.7456754 -0.0022776
0.3890000 0.1076022 1.7457282 -0.0022844
0.3895000 0.1097011 1.7457820 -0.0022912
0.3900000 0.1118011 1.7458368 -0.0022980
0.3905000 0.1139021 1.7458927 -0.0023047
0.3910000 0.1160043 1.7459497 -0.0023116
0.3915000 0.1181075 1.7460077 -0.0023184
0.3920000 0.1202119 1.7460668 -0.0023252
0.3925000 0.1223174 1.7461269 -0.0023320
0.3930000 0.1244240 1.7461880 -0.0023388
0.3935000 0.1265318 1.7462502 -0.0023457
0.3940000 0.1286406 1.7463135 -0.0023525
0.3945000 0.1307506 1.7463778 -0.0023594
0.3950000 0.1328617 1.7464432 -0.0023662
0.3955000 0.1349740 1.7465096 -0.0023731
0.3960000 0.1370874 1.7465771 -0.0023799
0.3965000 0.1392019 1.7466457 -0.0023868
0.3970000 0.1413176 1.7467153 -0.0023937
0.3975000 0.1434344 1.7467859 -0.0024006
0.3980000 0.1455524 1.7468576 -0.0024075
0.3985000 0.1476715 1.7469304 -0.0024144
0.3990000 0.1497918 1.7470042 -0.0024213
0.3995000 0.1519132 1.7470791 -0.0024282
0.4000000 0.1540358 1.7471551 -0.0024352
0.4005000 0.1561596 1.7472321 -0.0024421
0.4010000 0.1582845 1.7473102 -0.0024490
0.4015000 0.1604106 1.7473893 -0.0024560
0.4020000 0.1625379 1.7474695 -0.0024629
0.4025000 0.1646664 1.7475508 -0.0024699
0.4030000 0.1667960 1.7476331 -0.0024769
0.4035000 0.1689269 1.7477165 -0.0024838
0.4040000 0.1710589 1.7478010 -0.0024908
0.4045000 0.1731921 1.7478865 -0.0024978
0.4050000 0.1753265 1.7479731 -0.0025048
0.4055000 0.1774621 1.7480608 -0.0025118
0.4060000 0.1795989 1.7481495 -0.0025188
0.4065000 0.1817370 1.7482393 -0.0025258
0.4070000 0.1838762 1.7483302 -0.0025328
0.4075000 0.1860166 1.7484221 -0.0025399
0.4080000 0.1881583 1.7485151 -0.0025469
0.4085000 0.1903011 1.7486092 -0.0025539
0.4090000 0.1924452 1.7487044 -0.0025610
0.4095000 0.1945905 1.7488006 -0.0025681
0.4100000 0.1967371 1.7488979 -0.0025751
0.4105000 0.1988849 1.7489963 -0.0025822
0.4110000 0.2010339 1.7490957 -0.0025893
0.4115000 0.2031841 1.7491962 -0.0025963
0.4120000 0.2053356 1.7492978 -0.0026034
0.4125000 0.2074883 1.7494005 -0.0026105
0.4130000 0.2096423 1.7495042 -0.0026176
0.4135000 0.2117976 1.7496090 -0.0026248
0.4140000 0.2139540 1.7497149 -0.0026319
0.4145000 0.2161118 1.7498219 -0.0026390
0.4150000 0.2182708 1.7499300 -0.0026461
0.4155000 0.2204311 1.7500391 -0.0026533
0.4160000 0.2225926 1.7501493 -0.0026604
0.4165000 0.2247554 1.7502606 -0.0026676
0.4170000 0.2269195 1.7503730 -0.0026747
0.4175000 0.2290849 1.7504865 -0.0026819
0.4180000 0.2312515 1.7506010 -0.0026891
0.4185000 0.2334195 1.7507166 -0.0026962
0.4190000 0.2355887 1.7508333 -0.0027034
0.4195000 0.2377592 1.7509511 -0.0027106
0.4200000 0.2399310 1.7510700 -0.0027178
0.4205000 0.2421041 1.7511900 -0.0027250
0.4210000 0.2442786 1.7513110 -0.0027322
0.4215000 0.2464543 1.7514332 -0.0027395
0.4220000 0.2486313 1.7515564 -0.0027467
0.4225000 0.2508096 1.7516807 -0.0027539
0.4230000 0.2529893 1.7518061 -0.0027612
0.4235000 0.2551703 1.7519326 -0.0027684
0.4240000 0.2573526 1.7520602 -0.0027757
0.4245000 0.2595362 1.7521889 -0.0027829
0.4250000 0.2617212 1.7523186 -0.0027902
0.4255000 0.2639074 1.7524495 -0.0027975
0.4260000 0.2660951 1.7525814 -0.0028048
0.4265000 0.2682840 1.7527145 -0.0028121
0.4270000 0.2704743 1.7528486 -0.0028194
0.4275000 0.2726660 1.7529839 -0.0028267
0.4280000 0.2748590 1.7531202 -0.0028340
0.4285000 0.2770534 1.7532576 -0.0028413
0.4290000 0.2792491 1.7533962 -0.0028486
0.4295000 0.2814461 1.7535358 -0.0028559
0.4300000 0.2836446 1.7536765 -0.0028633
0.4305000 0.2858444 1.7538183 -0.0028706
0.4310000 0.2880456 1.7539613 -0.0028780
0.4315000 0.2902481 1.7541053 -0.0028853
0.4320000 0.2924521 1.7542504 -0.0028927
0.4325000 0.2946574 1.7543966 -0.0029001
0.4330000 0.2968641 1.7545440 -0.0029074
0.4335000 0.2990722 1.7546924 -0.0029148
0.4340000 0.3012817 1.7548419 -0.0029222
0.4345000 0.3034925 1.7549926 -0.0029296
0.4350000 0.3057048 1.7551443 -0.0029370
0.4355000 0.3079185 1.7552972 -0.0029444
0.4360000 0.3101336 1.7554511 -0.0029519
0.4365000 0.3123501 1.7556062 -0.0029593
0.4370000 0.3145680 1.7557624 -0.0029667
0.4375000 0.3167873 1.7559197 -0.0029742
0.4380000 0.3190081 1.7560780 -0.0029816
0.4385000 0.3212302 1.7562375 -0.0029891
0.4390000 0.3234539 1.7563982 -0.0029965
0.4395000 0.3256789 1.7565599 -0.0030040
0.4400000 0.3279054 1.7567227 -0.0030115
0.4405000 0.3301333 1.7568867 -0.0030189
0.4410000 0.3323626 1.7570517 -0.0030264
0.4415000 0.3345934 1.7572179 -0.0030339
0.4420000 0.3368257 1.7573852 -0.0030414
0.4425000 0.3390594 1.7575536 -0.0030489
0.4430000 0.3412945 1.7577232 -0.0030565
0.4435000 0.3435311 1.7578938 -0.0030640
0.4440000 0.3457692 1.7580656 -0.0030715
0.4445000 0.3480088 1.7582385 -0.0030790
0.4450000 0.3502498 1.7584125 -0.0030866
0.4455000 0.3524923 1.7585876 -0.0030941
0.4460000 0.3547363 1.7587638 -0.0031017
0.4465000 0.3569817 1.7589412 -0.0031092
0.4470000 0.3592287 1.7591197 -0.0031168
0.4475000 0.3614771 1.7592993 -0.0031244
0.4480000 0.3637270 1.7594801 -0.0031320
0.4485000 0.3659784 1.7596619 -0.0031396
0.4490000 0.3682314 1.7598449 -0.0031472
0.4495000 0.3704858 1.7600290 -0.0031548
0.4500000 0.3727417 1.7602143 -0.0031624
0.4505000 0.3749992 1.7604006 -0.0031700
0.4510000 0.3772581 1.7605881 -0.0031776
0.4515000 0.3795186 1.7607768 -0.0031853
0.4520000 0.3817806 1.7609665 -0.0031929
0.4525000 0.3840441 1.7611574 -0.0032005
0.4530000 0.3863092 1.7613494 -0.0032082
0.4535000 0.3885758 1.7615426 -0.0032158
0.4540000 0.3908439 1.7617369 -0.0032235
0.4545000 0.3931136 1.7619323 -0.0032312
0.4550000 0.3953848 1.7621289 -0.0032389
0.4555000 0.3976576 1.7623266 -0.0032465
0.4560000 0.3999319 1.7625254 -0.0032542
0.4565000 0.4022078 1.7627253 -0.0032619
0.4570000 0.4044852 1.7629264 -0.0032696
0.4575000 0.4067642 1.7631287 -0.0032774
0.4580000 0.4090448 1.7633321 -0.0032851
0.4585000 0.4113269 1.7635366 -0.0032928
0.4590000 0.4136107 1.7637423 -0.0033005
0.4595000 0.4158960 1.7639491 -0.0033083
0.4600000 0.4181828 1.7641570 -0.0033160
0.4605000 0.4204713 1.7643661 -0.0033238
0.4610000 0.4227614 1.7645763 -0.0033315
0.4615000 0.4250530 1.7647877 -0.0033393
0.4620000 0.4273462 1.7650002 -0.0033471
0.4625000 0.4296411 1.7652139 -0.0033549
0.4630000 0.4319376 1.7654287 -0.0033626
0.4635000 0.4342356 1.7656447 -0.0033704
0.4640000 0.4365353 1.7658618 -0.0033782
0.4645000 0.4388366 1.7660801 -0.0033860
0.4650000 0.4411395 1.7662995 -0.0033939
0.4655000 0.4434440 1.7665201 -0.0034017
0.4660000 0.4457502 1.7667418 -0.0034095
0.4665000 0.4480580 1.7669647 -0.0034173
0.4670000 0.4503675 1.7671887 -0.0034252
0.4675000 0.4526785 1.7674139 -0.0034330
0.4680000 0.4549913 1.7676402 -0.0034409
0.4685000 0.4573056 1.7678677 -0.0034488
0.4690000 0.4596216 1.7680964 -0.0034566
0.4695000 0.4619393 1.7683262 -0.0034645
0.4700000 0.4642587 1.7685572 -0.0034724
0.4705000 0.4665797 1.7687893 -0.0034803
0.4710000 0.4689023 1.7690226 -0.0034882
0.4715000 0.4712267 1.7692570 -0.0034961
0.4720000 0.4735527 1.7694926 -0.0035040
0.4725000 0.4758804 1.7697294 -0.0035119
0.4730000 0.4782098 1.7699674 -0.0035198
0.4735000 0.4805408 1.7702065 -0.0035278
0.4740000 0.4828736 1.7704467 -0.0035357
0.4745000 0.4852080 1.7706882 -0.0035436
0.4750000 0.4875442 1.7709308 -0.0035516
0.4755000 0.4898821 1.7711745 -0.0035595
0.4760000 0.4922216 1.7714195 -0.0035675
0.4765000 0.4945629 1.7716656 -0.0035755
0.4770000 0.4969059 1.7719129 -0.0035835
0.4775000 0.4992506 1.7721613 -0.0035914
0.4780000 0.5015970 1.7724110 -0.0035994
0.4785000 0.5039452 1.7726618 -0.0036074
0.4790000 0.5062951 1.7729137 -0.0036154
0.4795000 0.5086467 1.7731669 -0.0036235
0.4800000 0.5110000 1.7734212 -0.0036315
0.4805000 0.5133552 1.7736767 -0.0036395
0.4810000 0.5157120 1.7739334 -0.0036475
0.4815000 0.5180706 1.7741912 -0.0036556
0.4820000 0.5204310 1.7744503 -0.0036636
0.4825000 0.5227931 1.7747105 -0.0036717
0.4830000 0.5251570 1.7749719 -0.0036797
0.4835000 0.5275226 1.7752345 -0.0036878
0.4840000 0.5298900 1.7754982 -0.0036959
0.4845000 0.5322592 1.7757632 -0.0037039
0.4850000 0.5346302 1.7760293 -0.0037120
0.4855000 0.5370030 1.7762966 -0.0037201
0.4860000 0.5393775 1.7765651 -0.0037282
0.4865000 0.5417538 1.7768348 -0.0037363
0.4870000 0.5441320 1.7771057 -0.0037444
0.4875000 0.5465119 1.7773777 -0.0037526
0.4880000 0.5488936 1.7776510 -0.0037607
0.4885000 0.5512772 1.7779254 -0.0037688
0.4890000 0.5536625 1.7782011 -0.0037770
0.4895000 0.5560497 1.7784779 -0.0037851
0.4900000 0.5584387 1.7787559 -0.0037933
0.4905000 0.5608295 1.7790352 -0.0038014
0.4910000 0.5632222 1.7793156 -0.0038096
0.4915000 0.5656166 1.7795972 -0.0038178
0.4920000 0.5680130 1.7798800 -0.0038260
0.4925000 0.5704111 1.7801640 -0.0038341
0.4930000 0.5728111 1.7804492 -0.0038423
0.4935000 0.5752130 1.7807356 -0.0038505
0.4940000 0.5776167 1.7810232 -0.0038588
0.4945000 0.5800222 1.7813120 -0.0038670
0.4950000 0.5824297 1.7816020 -0.0038752
0.4955000 0.5848390 1.7818933 -0.0038834
0.4960000 0.5872501 1.7821857 -0.0038917
0.4965000 0.5896632 1.7824793 -0.0038999
0.4970000 0.5920781 1.7827741 -0.0039081
0.4975000 0.5944949 1.7830702 -0.0039164
0.4980000 0.5969136 1.7833674 -0.0039247
0.4985000 0.5993341 1.7836659 -0.0039329
0.4990000 0.6017566 1.7839655 -0.0039412
0.4995000 0.6041810 1.7842664 -0.0039495
0.5000000 0.6066073 1.7845685 -0.0039578
0.5005000 0.6090355 1.7848718 -0.0039661
0.5010000 0.6114656 1.7851763 -0.0039744
0.5015000 0.6138976 1.7854821 -0.0039827
0.5020000 0.6163315 1.7857890 -0.0039910
0.5025000 0.6187674 1.7860972 -0.0039993
0.5030000 0.6212052 1.7864066 -0.0040077
0.5035000 0.6236449 1.7867172 -0.0040160
0.5040000 0.6260866 1.7870290 -0.0040244
0.5045000 0.6285302 1.7873420 -0.0040327
0.5050000 0.6309757 1.7876563 -0.0040411
0.5055000 0.6334232 1.7879718 -0.0040494
0.5060000 0.6358727 1.7882885 -0.0040578
0.5065000 0.6383241 1.7886064 -0.0040662
0.5070000 0.6407775 1.7889256 -0.0040746
0.5075000 0.6432329 1.7892460 -0.0040830
0.5080000 0.6456902 1.7895676 -0.0040914
0.5085000 0.6481495 1.7898904 -0.0040998
0.5090000 0.6506108 1.7902145 -0.0041082
0.5095000 0.6530741 1.7905398 -0.0041166
0.5100000 0.6555394 1.7908664 -0.0041250
0.5105000 0.6580066 1.7911941 -0.0041335
0.5110000 0.6604759 1.7915231 -0.0041419
0.5115000 0.6629472 1.7918534 -0.0041503
0.5120000 0.6654205 1.7921848 -0.0041588
0.5125000 0.6678957 1.7925176 -0.0041673
0.5130000 0.6703731 1.7928515 -0.0041757
0.5135000 0.6728524 1.7931867 -0.0041842
0.5140000 0.6753337 1.7935231 -0.0041927
0.5145000 0.6778171 1.7938608 -0.0042012
0.5150000 0.6803025 1.7941997 -0.0042097
0.5155000 0.6827900 1.7945398 -0.0042182
0.5160000 0.6852795 1.7948812 -0.0042267
0.5165000 0.6877711 1.7952239 -0.0042352
0.5170000 0.6902647 1.7955678 -0.0042437
0.5175000 0.6927603 1.7959129 -0.0042522
0.5180000 0.6952581 1.7962593 -0.0042608
0.5185000 0.6977579 1.7966069 -0.0042693
0.5190000 0.7002597 1.7969558 -0.0042779
0.5195000 0.7027637 1.7973059 -0.0042864
0.5200000 0.7052697 1.7976573 -0.0042950
0.5205000 0.7077778 1.7980099 -0.0043036
0.5210000 0.7102880 1.7983638 -0.0043121
0.5215000 0.7128003 1.7987190 -0.0043207
0.5220000 0.7153146 1.7990754 -0.0043293
0.5225000 0.7178311 1.7994330 -0.0043379
0.5230000 0.7203497 1.7997919 -0.0043465
0.5235000 0.7228704 1.8001521 -0.0043551
0.5240000 0.7253932 1.8005135 -0.0043637
0.5245000 0.7279182 1.8008762 -0.0043724
0.5250000 0.7304452 1.8012402 -0.0043810
0.5255000 0.7329744 1.8016054 -0.0043896
0.5260000 0.7355058 1.8019719 -0.0043983
0.5265000 0.7380393 1.8023397 -0.0044069
0.5270000 0.7405749 1.8027087 -0.0044156
0.5275000 0.7431126 1.8030790 -0.0044242
0.5280000 0.7456525 1.8034505 -0.0044329
0.5285000 0.7481946 1.8038234 -0.0044416
0.5290000 0.7507389 1.8041975 -0.0044503
0.5295000 0.7532853 1.8045728 -0.0044590
0.5300000 0.7558338 1.8049495 -0.0044677
0.5305000 0.7583846 1.8053274 -0.0044764
0.5310000 0.7609375 1.8057066 -0.0044851
0.5315000 0.7634926 1.8060870 -0.0044938
0.5320000 0.7660500 1.8064688 -0.0045025
0.5325000 0.7686095 1.8068518 -0.0045113
0.5330000 0.7711712 1.8072361 -0.0045200
0.5335000 0.7737351 1.8076217 -0.0045287
0.5340000 0.7763012 1.8080086 -0.0045375
0.5345000 0.7788695 1.8083967 -0.0045463
0.5350000 0.7814401 1.8087862 -0.0045550
0.5355000 0.7840129 1.8091769 -0.0045638
0.5360000 0.7865879 1.8095689 -0.0045726
0.5365000 0.7891651 1.8099622 -0.0045814
0.5370000 0.7917446 1.8103568 -0.0045902
0.5375000 0.7943263 1.8107526 -0.0045990
0.5380000 0.7969103 1.8111498 -0.0046078
0.5385000 0.7994965 1.8115483 -0.0046166
0.5390000 0.8020849 1.8119480 -0.0046254
0.5395000 0.8046757 1.8123490 -0.0046342
0.5400000 0.8072687 1.8127514 -0.0046431
0.5405000 0.8098640 1.8131550 -0.0046519
0.5410000 0.8124615 1.8135599 -0.0046607
0.5415000 0.8150613 1.8139662 -0.0046696
0.5420000 0.8176635 1.8143737 -0.0046785
0.5425000 0.8202679 1.8147825 -0.0046873
0.5430000 0.8228746 1.8151927 -0.0046962
0.5435000 0.8254836 1.8156041 -0.0047051
0.5440000 0.8280949 1.8160169 -0.0047140
0.5445000 0.8307085 1.8164309 -0.0047229
0.5450000 0.8333244 1.8168463 -0.0047318
0.5455000 0.8359427 1.8172629 -0.0047407
0.5460000 0.8385632 1.8176809 -0.0047496
0.5465000 0.8411862 1.8181002 -0.0047585
0.5470000 0.8438114 1.8185208 -0.0047675
0.5475000 0.8464390 1.8189427 -0.0047764
0.5480000 0.8490689 1.8193659 -0.0047853
0.5485000 0.8517012 1.8197904 -0.0047943
0.5490000 0.8543358 1.8202163 -0.0048032
0.5495000 0.8569728 1.8206434 -0.0048122
0.5500000 0.8596121 1.8210719 -0.0048212
0.5505000 0.8622539 1.8215017 -0.0048302
0.5510000 0.8648980 1.8219329 -0.0048391
0.5515000 0.8675444 1.8223653 -0.0048481
0.5520000 0.8701933 1.8227991 -0.0048571
0.5525000 0.8728445 1.8232342 -0.0048661
0.5530000 0.8754982 1.8236706 -0.0048752
0.5535000 0.8781542 1.8241083 -0.0048842
0.5540000 0.8808127 1.8245474 -0.0048932
0.5545000 0.8834735 1.8249878 -0.0049022
0.5550000 0.8861368 1.8254296 -0.0049113
0.5555000 0.8888025 1.8258726 -0.0049203
0.5560000 0.8914706 1.8263170 -0.0049294
0.5565000 0.8941411 1.8267628 -0.0049384
0.5570000 0.8968141 1.8272098 -0.0049475
0.5575000 0.8994895 1.8276583 -0.0049566
0.5580000 0.9021674 1.8281080 -0.0049656
0.5585000 0.9048477 1.8285591 -0.0049747
0.5590000 0.9075305 1.8290115 -0.0049838
0.5595000 0.9102157 1.8294653 -0.0049929
0.5600000 0.9129034 1.8299204 -0.0050020
0.5605000 0.9155935 1.8303768 -0.0050112
0.5610000 0.9182862 1.8308346 -0.0050203
0.5615000 0.9209813 1.8312938 -0.0050294
0.5620000 0.9236789 1.8317543 -0.0050385
0.5625000 0.9263790 1.8322161 -0.0050477
0.5630000 0.9290816 1.8326793 -0.0050568
0.5635000 0.9317867 1.8331438 -0.0050660
0.5640000 0.9344943 1.8336097 -0.0050751
0.5645000 0.9372044 1.8340770 -0.0050843
0.5650000 0.9399170 1.8345456 -0.0050935
0.5655000 0.9426321 1.8350155 -0.0051027
0.5660000 0.9453498 1.8354868 -0.0051119
0.5665000 0.9480700 1.8359595 -0.0051211
0.5670000 0.9507927 1.8364336 -0.0051303
0.5675000 0.9535180 1.8369090 -0.0051395
0.5680000 0.9562459 1.8373857 -0.0051487
0.5685000 0.9589762 1.8378638 -0.0051579
0.5690000 0.9617092 1.8383433 -0.0051671
0.5695000 0.9644447 1.8388242 -0.0051764
0.5700000 0.9671828 1.8393064 -0.0051856
0.5705000 0.9699234 1.8397900 -0.0051949
0.5710000 0.9726667 1.8402750 -0.0052041
0.5715000 0.9754125 1.8407613 -0.0052134
0.5720000 0.9781609 1.8412490 -0.0052227
0.5725000 0.9809119 1.8417381 -0.0052320
0.5730000 0.9836655 1.8422285 -0.0052412
0.5735000 0.9864217 1.8427204 -0.0052505
0.5740000 0.9891805 1.8432136 -0.0052598
0.5745000 0.9919420 1.8437082 -0.0052691
0.5750000 0.9947060 1.8442041 -0.0052785
0.5755000 0.9974727 1.8447015 -0.0052878
0.5760000 1.0002420 1.8452002 -0.0052971
0.5765000 1.0030140 1.8457003 -0.0053064
0.5770000 1.0057886 1.8462019 -0.0053158
0.5775000 1.0085658 1.8467047 -0.0053251
0.5780000 1.0113458 1.8472090 -0.0053345
0.5785000 1.0141283 1.8477147 -0.0053438
0.5790000 1.0169136 1.8482218 -0.0053532
0.5795000 1.0197015 1.8487302 -0.0053626
0.5800000 1.0224920 1.8492401 -0.0053720
0.5805000 1.0252853 1.8497513 -0.0053813
0.5810000 1.0280813 1.8502640 -0.0053907
0.5815000 1.0308799 1.8507780 -0.0054001
0.5820000 1.0336813 1.8512934 -0.0054096
0.5825000 1.0364853 1.8518103 -0.0054190
0.5830000 1.0392921 1.8523285 -0.0054284
0.5835000 1.0421015 1.8528482 -0.0054378
0.5840000 1.0449137 1.8533692 -0.0054473
0.5845000 1.0477286 1.8538917 -0.0054567
0.5850000 1.0505463 1.8544155 -0.0054662
0.5855000 1.0533667 1.8549408 -0.0054756
0.5860000 1.0561898 1.8554675 -0.0054851
0.5865000 1.0590157 1.8559956 -0.0054946
0.5870000 1.0618443 1.8565251 -0.0055040
0.5875000 1.0646757 1.8570560 -0.0055135
0.5880000 1.0675099 1.8575884 -0.0055230
0.5885000 1.0703468 1.8581221 -0.0055325
0.5890000 1.0731865 1.8586573 -0.0055420
0.5895000 1.0760290 1.8591939 -0.0055515
0.5900000 1.0788743 1.8597319 -0.0055610
0.5905000 1.0817223 1.8602713 -0.0055706
0.5910000 1.0845732 1.8608122 -0.0055801
0.5915000 1.0874269 1.8613545 -0.0055896
0.5920000 1.0902833 1.8618982 -0.0055992
0.5925000 1.0931426 1.8624433 -0.0056087
0.5930000 1.0960048 1.8629899 -0.0056183
0.5935000 1.0988697 1.8635379 -0.0056279
0.5940000 1.1017375 1.8640873 -0.0056374
0.5945000 1.1046081 1.8646382 -0.0056470
0.5950000 1.1074816 1.8651905 -0.0056566
0.5955000 1.1103579 1.8657443 -0.0056662
0.5960000 1.1132370 1.8662994 -0.0056758
0.5965000 1.1161191 1.8668561 -0.0056854
0.5970000 1.1190040 1.8674141 -0.0056950
0.5975000 1.1218917 1.8679736 -0.0057047
0.5980000 1.1247824 1.8685346 -0.0057143
0.5985000 1.1276759 1.8690970 -0.0057239
0.5990000 1.1305723 1.8696608 -0.0057336
0.5995000 1.1334717 1.8702261 -0.0057432
0.6000000 1.1363739 1.8707928 -0.0057529
0.6005000 1.1392790 1.8713610 -0.0057625
0.6010000 1.1421871 1.8719306 -0.0057722
0.6015000 1.1450980 1.8725017 -0.0057819
0.6020000 1.1480119 1.8730743 -0.0057916
0.6025000 1.1509287 1.8736483 -0.0058013
0.6030000 1.1538485 1.8742238 -0.0058110
0.6035000 1.1567712 1.8748007 -0.0058207
0.6040000 1.1596969 1.8753791 -0.0058304
0.6045000 1.1626255 1.8759589 -0.0058401
0.6050000 1.1655570 1.8765402 -0.0058498
0.6055000 1.1684916 1.8771230 -0.0058596
0.6060000 1.1714291 1.8777073 -0.0058693
0.6065000 1.1743696 1.8782930 -0.0058791
0.6070000 1.1773130 1.8788802 -0.0058888
0.6075000 1.1802595 1.8794688 -0.0058986
0.6080000 1.1832090 1.8800589 -0.0059083
0.6085000 1.1861614 1.8806505 -0.0059181
0.6090000 1.1891169 1.8812436 -0.0059279
0.6095000 1.1920754 1.8818382 -0.0059377
0.6100000 1.1950369 1.8824342 -0.0059475
0.6105000 1.1980014 1.8830317 -0.0059573
0.6110000 1.2009690 1.8836307 -0.0059671
0.6115000 1.2039396 1.8842312 -0.0059769
0.6120000 1.2069132 1.8848332 -0.0059867
0.6125000 1.2098899 1.8854366 -0.0059966
0.6130000 1.2128697 1.8860416 -0.0060064
0.6135000 1.2158525 1.8866480 -0.0060162
0.6140000 1.2188384 1.8872560 -0.0060261
0.6145000 1.2218274 1.8878654 -0.0060360
0.6150000 1.2248194 1.8884763 -0.0060458
0.6155000 1.2278146 1.8890887 -0.0060557
0.6160000 1.2308128 1.8897026 -0.0060656
0.6165000 1.2338141 1.8903180 -0.0060755
0.6170000 1.2368186 1.8909349 -0.0060853
0.6175000 1.2398261 1.8915533 -0.0060952
0.6180000 1.2428368 1.8921732 -0.0061052
0.6185000 1.2458506 1.8927947 -0.0061151
0.6190000 1.2488675 1.8934176 -0.0061250
0.6195000 1.2518876 1.8940420 -0.0061349
0.6200000 1.2549108 1.8946680 -0.0061449
0.6205000 1.2579371 1.8952954 -0.0061548
0.6210000 1.2609666 1.8959244 -0.0061647
0.6215000 1.2639993 1.8965549 -0.0061747
0.6220000 1.2670351 1.8971869 -0.0061847
0.6225000 1.2700742 1.8978204 -0.0061946
0.6230000 1.2731163 1.8984554 -0.0062046
0.6235000 1.2761617 1.8990920 -0.0062146
0.6240000 1.2792103 1.8997301 -0.0062246
0.6245000 1.2822621 1.9003697 -0.0062346
0.6250000 1.2853171 1.9010108 -0.0062446
0.6255000 1.2883753 1.9016535 -0.0062546
0.6260000 1.2914367 1.9022976 -0.0062646
0.6265000 1.2945013 1.9029434 -0.0062746
0.6270000 1.2975692 1.9035906 -0.0062847
0.6275000 1.3006403 1.9042394 -0.0062947
0.6280000 1.3037146 1.9048897 -0.0063048
0.6285000 1.3067922 1.9055416 -0.0063148
0.6290000 1.3098731 1.9061950 -0.0063249
0.6295000 1.3129572 1.9068499 -0.0063349
0.6300000 1.3160446 1.9075064 -0.0063450
0.6305000 1.3191353 1.9081644 -0.0063551
0.6310000 1.3222293 1.9088240 -0.0063652
0.6315000 1.3253265 1.9094851 -0.0063753
0.6320000 1.3284270 1.9101478 -0.0063854
0.6325000 1.3315309 1.9108120 -0.0063955
0.6330000 1.3346380 1.9114777 -0.0064056
0.6335000 1.3377485 1.9121451 -0.0064157
0.6340000 1.3408623 1.9128139 -0.0064259
0.6345000 1.3439794 1.9134844 -0.0064360
0.6350000 1.3470999 1.9141563 -0.0064461
0.6355000 1.3502237 1.9148299 -0.0064563
0.6360000 1.3533508 1.9155050 -0.0064664
0.6365000 1.3564813 1.9161817 -0.0064766
0.6370000 1.3596152 1.9168599 -0.0064868
0.6375000 1.3627524 1.9175397 -0.0064970
0.6380000 1.3658930 1.9182211 -0.0065071
0.6385000 1.3690370 1.9189041 -0.0065173
0.6390000 1.3721843 1.9195886 -0.0065275
0.6395000 1.3753351 1.9202747 -0.0065377
0.6400000 1.3784893 1.9209623 -0.0065480
0.6405000 1.3816468 1.9216516 -0.0065582
0.6410000 1.3848078 1.9223424 -0.0065684
0.6415000 1.3879722 1.9230348 -0.0065786
0.6420000 1.3911401 1.9237288 -0.0065889
0.6425000 1.3943113 1.9244244 -0.0065991
0.6430000 1.3974861 1.9251215 -0.0066094
0.6435000 1.4006642 1.9258203 -0.0066197
0.6440000 1.4038458 1.9265206 -0.0066299
0.6445000 1.4070309 1.9272225 -0.0066402
0.6450000 1.4102195 1.9279260 -0.0066505
0.6455000 1.4134115 1.9286311 -0.0066608
0.6460000 1.4166070 1.9293378 -0.0066711
0.6465000 1.4198060 1.9300461 -0.0066814
0.6470000 1.4230085 1.9307561 -0.0066917
0.6475000 1.4262145 1.9314676 -0.0067020
0.6480000 1.4294240 1.9321807 -0.0067123
0.6485000 1.4326370 1.9328954 -0.0067227
0.6490000 1.4358535 1.9336117 -0.0067330
0.6495000 1.4390736 1.9343296 -0.0067434
0.6500000 1.4422972 1.9350492 -0.0067537
0.6505000 1.4455243 1.9357703 -0.0067641
0.6510000 1.4487550 1.9364931 -0.0067744
0.6515000 1.4519893 1.9372174 -0.0067848
0.6520000 1.4552271 1.9379434 -0.0067952
0.6525000 1.4584685 1.9386711 -0.0068056
0.6530000 1.4617135 1.9394003 -0.0068160
0.6535000 1.4649621 1.9401311 -0.0068264
0.6540000 1.4682142 1.9408636 -0.0068368
0.6545000 1.4714700 1.9415977 -0.0068472
0.6550000 1.4747293 1.9423335 -0.0068576
0.6555000 1.4779923 1.9430708 -0.0068681
0.6560000 1.4812589 1.9438098 -0.0068785
0.6565000 1.4845291 1.9445505 -0.0068890
0.6570000 1.4878029 1.9452927 -0.0068994
0.6575000 1.4910804 1.9460366 -0.0069099
0.6580000 1.4943616 1.9467822 -0.0069203
0.6585000 1.4976464 1.9475293 -0.0069308
0.6590000 1.5009348 1.9482782 -0.0069413
0.6595000 1.5042270 1.9490286 -0.0069518
0.6600000 1.5075228 1.9497808 -0.0069623
0.6605000 1.5108223 1.9505345 -0.0069728
0.6610000 1.5141254 1.9512899 -0.0069833
0.6615000 1.5174323 1.9520470 -0.0069938
0.6620000 1.5207429 1.9528057 -0.0070043
0.6625000 1.5240572 1.9535661 -0.0070149
0.6630000 1.5273752 1.9543281 -0.0070254
0.6635000 1.5306970 1.9550918 -0.0070360
0.6640000 1.5340225 1.9558571 -0.0070465
0.6645000 1.5373517 1.9566241 -0.0070571
0.6650000 1.5406847 1.9573928 -0.0070676
0.6655000 1.5440214 1.9581632 -0.0070782
0.6660000 1.5473619 1.9589352 -0.0070888
0.6665000 1.5507062 1.9597089 -0.0070994
0.6670000 1.5540542 1.9604842 -0.0071100
0.6675000 1.5574060 1.9612612 -0.0071206
0.6680000 1.5607617 1.9620399 -0.0071312
0.6685000 1.5641211 1.9628203 -0.0071418
0.6690000 1.5674843 1.9636024 -0.0071524
0.6695000 1.5708514 1.9643861 -0.0071631
0.6700000 1.5742222 1.9651716 -0.0071737
0.6705000 1.5775969 1.9659587 -0.0071843
0.6710000 1.5809755 1.9667475 -0.0071950
0.6715000 1.5843579 1.9675379 -0.0072056
0.6720000 1.5877441 1.9683301 -0.0072163
0.6725000 1.5911342 1.9691240 -0.0072270
0.6730000 1.5945281 1.9699196 -0.0072377
0.6735000 1.5979260 1.9707168 -0.0072483
0.6740000 1.6013277 1.9715158 -0.0072590
0.6745000 1.6047333 1.9723165 -0.0072697
0.6750000 1.6081428 1.9731188 -0.0072805
0.6755000 1.6115562 1.9739229 -0.0072912
0.6760000 1.6149735 1.9747287 -0.0073019
0.6765000 1.6183948 1.9755362 -0.0073126
0.6770000 1.6218199 1.9763454 -0.0073234
0.6775000 1.6252490 1.9771563 -0.0073341
0.6780000 1.6286821 1.9779689 -0.0073449
0.6785000 1.6321191 1.9787832 -0.0073556
0.6790000 1.6355600 1.9795993 -0.0073664
0.6795000 1.6390049 1.9804171 -0.0073772
0.6800000 1.6424538 1.9812366 -0.0073879
0.6805000 1.6459067 1.9820578 -0.0073987
0.6810000 1.6493635 1.9828808 -0.0074095
0.6815000 1.6528244 1.9837054 -0.0074203
0.6820000 1.6562893 1.9845318 -0.0074311
0.6825000 1.6597581 1.9853600 -0.0074419
0.6830000 1.6632310 1.9861899 -0.0074528
0.6835000 1.6667079 1.9870215 -0.0074636
0.6840000 1.6701889 1.9878548 -0.0074744
0.6845000 1.6736739 1.9886899 -0.0074853
0.6850000 1.6771629 1.9895268 -0.0074961
0.6855000 1.6806560 1.9903654 -0.0075070
0.6860000 1.6841532 1.9912057 -0.0075178
0.6865000 1.6876544 1.9920478 -0.0075287
0.6870000 1.6911597 1.9928916 -0.0075396
0.6875000 1.6946691 1.9937372 -0.0075505
0.6880000 1.6981826 1.9945845 -0.0075614
0.6885000 1.7017003 1.9954336 -0.0075723
0.6890000 1.7052220 1.9962844 -0.0075832
0.6895000 1.7087478 1.9971371 -0.0075941
0.6900000 1.7122778 1.9979914 -0.0076050
0.6905000 1.7158119 1.9988476 -0.0076160
0.6910000 1.7193502 1.9997055 -0.0076269
0.6915000 1.7228926 2.0005651 -0.0076378
0.6920000 1.7264391 2.0014266 -0.0076488
0.6925000 1.7299899 2.0022898 -0.0076598
0.6930000 1.7335448 2.0031548 -0.0076707
0.6935000 1.7371039 2.0040216 -0.0076817
0.6940000 1.7406672 2.0048901 -0.0076927
0.6945000 1.7442347 2.0057605 -0.0077037
0.6950000 1.7478064 2.0066326 -0.0077147
0.6955000 1.7513823 2.0075065 -0.0077257
0.6960000 1.7549624 2.0083822 -0.0077367
0.6965000 1.7585468 2.0092597 -0.0077477
0.6970000 1.7621354 2.0101389 -0.0077587
0.6975000 1.7657283 2.0110200 -0.0077697
0.6980000 1.7693254 2.0119029 -0.0077808
0.6985000 1.7729268 2.0127875 -0.0077918
0.6990000 1.7765324 2.0136740 -0.0078029
0.6995000 1.7801424 2.0145623 -0.0078139
0.7000000 1.7837566 2.0154523 -0.0078250
0.7005000 1.7873751 2.0163442 -0.0078361
0.7010000 1.7909980 2.0172379 -0.0078472
0.7015000 1.7946251 2.0181334 -0.0078583
0.7020000 1.7982566 2.0190307 -0.0078694
0.7025000 1.8018924 2.0199298 -0.0078805
0.7030000 1.8055326 2.0208308 -0.0078916
0.7035000 1.8091771 2.0217335 -0.0079027
0.7040000 1.8128259 2.0226381 -0.0079138
0.7045000 1.8164791 2.0235445 -0.0079249
0.7050000 1.8201367 2.0244528 -0.0079361
0.7055000 1.8237987 2.0253629 -0.0079472
0.7060000 1.8274650 2.0262748 -0.0079584
0.7065000 1.8311358 2.0271885 -0.0079695
0.7070000 1.8348109 2.0281041 -0.0079807
0.7075000 1.8384905 2.0290215 -0.0079919
0.7080000 1.8421745 2.0299407 -0.0080031
0.7085000 1.8458630 2.0308618 -0.0080143
0.7090000 1.8495558 2.0317847 -0.0080255
0.7095000 1.8532532 2.0327095 -0.0080367
0.7100000 1.8569549 2.0336361 -0.0080479
0.7105000 1.8606612 2.0345646 -0.0080591
0.7110000 1.8643719 2.0354949 -0.0080703
0.7115000 1.8680871 2.0364271 -0.0080816
0.7120000 1.8718068 2.0373612 -0.0080928
0.7125000 1.8755310 2.0382971 -0.0081040
0.7130000 1.8792597 2.0392348 -0.0081153
0.7135000 1.8829929 2.0401745 -0.0081266
0.7140000 1.8867307 2.0411160 -0.0081378
0.7145000 1.8904729 2.0420593 -0.0081491
0.7150000 1.8942198 2.0430046 -0.0081604
0.7155000 1.8979711 2.0439517 -0.0081717
0.7160000 1.9017271 2.0449007 -0.0081830
0.7165000 1.9054876 2.0458515 -0.0081943
0.7170000 1.9092527 2.0468043 -0.0082056
0.7175000 1.9130223 2.0477589 -0.0082169
0.7180000 1.9167966 2.0487154 -0.0082283
0.7185000 1.9205755 2.0496738 -0.0082396
0.7190000 1.9243589 2.0506341 -0.0082509
0.7195000 1.9281471 2.0515963 -0.0082623
0.7200000 1.9319398 2.0525603 -0.0082736
0.7205000 1.9357372 2.0535263 -0.0082850
0.7210000 1.9395392 2.0544942 -0.0082964
0.7215000 1.9433459 2.0554640 -0.0083078
0.7220000 1.9471572 2.0564356 -0.0083191
0.7225000 1.9509732 2.0574092 -0.0083305
0.7230000 1.9547939 2.0583847 -0.0083419
0.7235000 1.9586193 2.0593621 -0.0083533
0.7240000 1.9624494 2.0603414 -0.0083648
0.7245000 1.9662842 2.0613226 -0.0083762
0.7250000 1.9701238 2.0623058 -0.0083876
0.7255000 1.9739680 2.0632908 -0.0083991
0.7260000 1.9778170 2.0642778 -0.0084105
0.7265000 1.9816708 2.0652667 -0.0084220
0.7270000 1.9855293 2.0662576 -0.0084334
0.7275000 1.9893925 2.0672503 -0.0084449
0.7280000 1.9932605 2.0682450 -0.0084564
0.7285000 1.9971334 2.0692416 -0.0084678
0.7290000 2.0010110 2.0702402 -0.0084793
0.7295000 2.0048934 2.0712407 -0.0084908
0.7300000 2.0087806 2.0722432 -0.0085023
0.7305000 2.0126727 2.0732476 -0.0085138
0.7310000 2.0165695 2.0742539 -0.0085254
0.7315000 2.0204712 2.0752622 -0.0085369
0.7320000 2.0243778 2.0762724 -0.0085484
0.7325000 2.0282892 2.0772846 -0.0085600
0.7330000 2.0322055 2.0782987 -0.0085715
0.7335000 2.0361266 2.0793148 -0.0085831
0.7340000 2.0400527 2.0803329 -0.0085946
0.7345000 2.0439836 2.0813529 -0.0086062
0.7350000 2.0479194 2.0823749 -0.0086178
0.7355000 2.0518602 2.0833989 -0.0086294
0.7360000 2.0558058 2.0844248 -0.0086410
0.7365000 2.0597564 2.0854527 -0.0086526
0.7370000 2.0637119 2.0864826 -0.0086642
0.7375000 2.0676724 2.0875145 -0.0086758
0.7380000 2.0716379 2.0885483 -0.0086874
0.7385000 2.0756083 2.0895841 -0.0086990
0.7390000 2.0795837 2.0906219 -0.0087107
0.7395000 2.0835640 2.0916617 -0.0087223
0.7400000 2.0875494 2.0927035 -0.0087340
0.7405000 2.0915398 2.0937473 -0.0087456
0.7410000 2.0955352 2.0947930 -0.0087573
0.7415000 2.0995356 2.0958408 -0.0087690
0.7420000 2.1035410 2.0968906 -0.0087806
0.7425000 2.1075515 2.0979423 -0.0087923
0.7430000 2.1115671 2.0989961 -0.0088040
0.7435000 2.1155877 2.1000519 -0.0088157
0.7440000 2.1196134 2.1011097 -0.0088274
0.7445000 2.1236441 2.1021695 -0.0088392
0.7450000 2.1276800 2.1032313 -0.0088509
0.7455000 2.1317210 2.1042952 -0.0088626
0.7460000 2.1357670 2.1053610 -0.0088744
0.7465000 2.1398182 2.1064289 -0.0088861
0.7470000 2.1438746 2.1074988 -0.0088979
0.7475000 2.1479360 2.1085708 -0.0089096
0.7480000 2.1520026 2.1096447 -0.0089214
0.7485000 2.1560744 2.1107207 -0.0089332
0.7490000 2.1601514 2.1117988 -0.0089450
0.7495000 2.1642335 2.1128788 -0.0089567
0.7500000 2.1683208 2.1139609 -0.0089685
0.7505000 2.1724133 2.1150451 -0.0089804
0.7510000 2.1765110 2.1161313 -0.0089922
0.7515000 2.1806140 2.1172196 -0.0090040
0.7520000 2.1847222 2.1183099 -0.0090158
0.7525000 2.1888356 2.1194022 -0.0090277
0.7530000 2.1929542 2.1204967 -0.0090395
0.7535000 2.1970781 2.1215931 -0.0090514
0.7540000 2.2012073 2.1226917 -0.0090632
0.7545000 2.2053418 2.1237923 -0.0090751
0.7550000 2.2094816 2.1248949 -0.0090870
0.7555000 2.2136266 2.1259997 -0.0090988
0.7560000 2.2177770 2.1271065 -0.0091107
0.7565000 2.2219327 2.1282154 -0.0091226
0.7570000 2.2260937 2.1293264 -0.0091345
0.7575000 2.2302600 2.1304394 -0.0091464
0.7580000 2.2344317 2.1315545 -0.0091584
0.7585000 2.2386088 2.1326718 -0.0091703
0.7590000 2.2427912 2.1337911 -0.0091822
0.7595000 2.2469790 2.1349125 -0.0091942
0.7600000 2.2511722 2.1360359 -0.0092061
0.7605000 2.2553708 2.1371615 -0.0092181
0.7610000 2.2595748 2.1382892 -0.0092300
0.7615000 2.2637842 2.1394190 -0.0092420
0.7620000 2.2679991 2.1405509 -0.0092540
0.7625000 2.2722194 2.1416849 -0.0092660
0.7630000 2.2764452 2.1428210 -0.0092780
0.7635000 2.2806764 2.1439592 -0.0092900
0.7640000 2.2849131 2.1450996 -0.0093020
0.7645000 2.2891552 2.1462420 -0.0093140
0.7650000 2.2934029 2.1473866 -0.0093260
0.7655000 2.2976561 2.1485333 -0.0093380
0.7660000 2.3019147 2.1496821 -0.0093501
0.7665000 2.3061789 2.1508331 -0.0093621
0.7670000 2.3104487 2.1519862 -0.0093742
0.7675000 2.3147240 2.1531414 -0.0093862
0.7680000 2.3190048 2.1542988 -0.0093983
0.7685000 2.3232912 2.1554583 -0.0094104
0.7690000 2.3275832 2.1566199 -0.0094225
0.7695000 2.3318808 2.1577837 -0.0094346
0.7700000 2.3361839 2.1589496 -0.0094467
0.7705000 2.3404927 2.1601177 -0.0094588
0.7710000 2.3448071 2.1612880 -0.0094709
0.7715000 2.3491271 2.1624604 -0.0094830
0.7720000 2.3534528 2.1636349 -0.0094951
0.7725000 2.3577841 2.1648117 -0.0095073
0.7730000 2.3621211 2.1659906 -0.0095194
0.7735000 2.3664637 2.1671716 -0.0095316
0.7740000 2.3708120 2.1683549 -0.0095437
0.7745000 2.3751661 2.1695403 -0.0095559
0.7750000 2.3795258 2.1707278 -0.0095681
0.7755000 2.3838912 2.1719176 -0.0095803
0.7760000 2.3882624 2.1731096 -0.0095924
0.7765000 2.3926393 2.1743037 -0.0096046
0.7770000 2.3970220 2.1755000 -0.0096169
0.7775000 2.4014104 2.1766985 -0.0096291
0.7780000 2.4058046 2.1778992 -0.0096413
0.7785000 2.4102045 2.1791021 -0.0096535
0.7790000 2.4146103 2.1803072 -0.0096657
0.7795000 2.4190218 2.1815145 -0.0096780
0.7800000 2.4234392 2.1827240 -0.0096902
0.7805000 2.4278624 2.1839358 -0.0097025
0.7810000 2.4322914 2.1851497 -0.0097148
0.7815000 2.4367263 2.1863658 -0.0097270
0.7820000 2.4411671 2.1875842 -0.0097393
0.7825000 2.4456137 2.1888048 -0.0097516
0.7830000 2.4500661 2.1900276 -0.0097639
0.7835000 2.4545245 2.1912526 -0.0097762
0.7840000 2.4589888 2.1924799 -0.0097885
0.7845000 2.4634590 2.1937094 -0.0098008
0.7850000 2.4679351 2.1949411 -0.0098132
0.7855000 2.4724171 2.1961751 -0.0098255
0.7860000 2.4769051 2.1974113 -0.0098378
0.7865000 2.4813991 2.1986497 -0.0098502
0.7870000 2.4858990 2.1998904 -0.0098626
0.7875000 2.4904049 2.2011334 -0.0098749
0.7880000 2.4949168 2.2023786 -0.0098873
0.7885000 2.4994347 2.2036260 -0.0098997
0.7890000 2.5039586 2.2048758 -0.0099121
0.7895000 2.5084886 2.2061277 -0.0099245
0.7900000 2.5130245 2.2073820 -0.0099369
0.7905000 2.5175666 2.2086385 -0.0099493
0.7910000 2.5221146 2.2098973 -0.0099617
0.7915000 2.5266688 2.2111583 -0.0099741
0.7920000 2.5312290 2.2124217 -0.0099865
0.7925000 2.5357954 2.2136873 -0.0099990
0.7930000 2.5403678 2.2149552 -0.0100114
0.7935000 2.5449464 2.2162254 -0.0100239
0.7940000 2.5495310 2.2174978 -0.0100364
0.7945000 2.5541219 2.2187726 -0.0100488
0.7950000 2.5587188 2.2200497 -0.0100613
0.7955000 2.5633220 2.2213290 -0.0100738
0.7960000 2.5679313 2.2226107 -0.0100863
0.7965000 2.5725468 2.2238947 -0.0100988
0.7970000 2.5771685 2.2251809 -0.0101113
0.7975000 2.5817964 2.2264695 -0.0101238
0.7980000 2.5864305 2.2277604 -0.0101364
0.7985000 2.5910709 2.2290536 -0.0101489
0.7990000 2.5957175 2.2303492 -0.0101614
0.7995000 2.6003704 2.2316470 -0.0101740
0.8000000 2.6050296 2.2329472 -0.0101865
0.8005000 2.6096950 2.2342497 -0.0101991
0.8010000 2.6143667 2.2355546 -0.0102117
0.8015000 2.6190447 2.2368618 -0.0102242
0.8020000 2.6237291 2.2381713 -0.0102368
0.8025000 2.6284197 2.2394831 -0.0102494
0.8030000 2.6331167 2.2407973 -0.0102620
0.8035000 2.6378201 2.2421139 -0.0102746
0.8040000 2.6425298 2.2434328 -0.0102873
0.8045000 2.6472459 2.2447541 -0.0102999
0.8050000 2.6519684 2.2460777 -0.0103125
0.8055000 2.6566973 2.2474037 -0.0103252
0.8060000 2.6614326 2.2487320 -0.0103378
0.8065000 2.6661743 2.2500628 -0.0103505
0.8070000 2.6709225 2.2513958 -0.0103631
0.8075000 2.6756771 2.2527313 -0.0103758
0.8080000 2.6804382 2.2540691 -0.0103885
0.8085000 2.6852058 2.2554094 -0.0104012
0.8090000 2.6899798 2.2567520 -0.0104139
0.8095000 2.6947603 2.2580970 -0.0104266
0.8100000 2.6995474 2.2594443 -0.0104393
0.8105000 2.7043410 2.2607941 -0.0104520
0.8110000 2.7091411 2.2621463 -0.0104647
0.8115000 2.7139477 2.2635008 -0.0104775
0.8120000 2.7187609 2.2648578 -0.0104902
0.8125000 2.7235807 2.2662172 -0.0105030
0.8130000 2.7284071 2.2675790 -0.0105157
0.8135000 2.7332401 2.2689432 -0.0105285
0.8140000 2.7380797 2.2703098 -0.0105413
0.8145000 2.7429259 2.2716789 -0.0105540
0.8150000 2.7477787 2.2730503 -0.0105668
0.8155000 2.7526382 2.2744242 -0.0105796
0.8160000 2.7575043 2.2758005 -0.0105924
0.8165000 2.7623771 2.2771793 -0.0106052
0.8170000 2.7672566 2.2785605 -0.0106181
0.8175000 2.7721428 2.2799441 -0.0106309
0.8180000 2.7770357 2.2813302 -0.0106437
0.8185000 2.7819354 2.2827187 -0.0106566
0.8190000 2.7868417 2.2841097 -0.0106694
0.8195000 2.7917549 2.2855031 -0.0106823
0.8200000 2.7966747 2.2868990 -0.0106952
0.8205000 2.8016014 2.2882973 -0.0107080
0.8210000 2.8065348 2.2896981 -0.0107209
0.8215000 2.8114751 2.2911014 -0.0107338
0.8220000 2.8164221 2.2925071 -0.0107467
0.8225000 2.8213760 2.2939153 -0.0107596
0.8230000 2.8263367 2.2953260 -0.0107725
0.8235000 2.8313043 2.2967392 -0.0107854
0.8240000 2.8362787 2.2981548 -0.0107984
0.8245000 2.8412600 2.2995730 -0.0108113
0.8250000 2.8462482 2.3009936 -0.0108243
0.8255000 2.8512433 2.3024167 -0.0108372
0.8260000 2.8562453 2.3038423 -0.0108502
0.8265000 2.8612542 2.3052705 -0.0108631
0.8270000 2.8662701 2.3067011 -0.0108761
0.8275000 2.8712930 2.3081342 -0.0108891
0.8280000 2.8763228 2.3095699 -0.0109021
0.8285000 2.8813595 2.3110080 -0.0109151
0.8290000 2.8864033 2.3124487 -0.0109281
0.8295000 2.8914541 2.3138919 -0.0109411
0.8300000 2.8965119 2.3153376 -0.0109541
0.8305000 2.9015768 2.3167859 -0.0109672
0.8310000 2.9066487 2.3182367 -0.0109802
0.8315000 2.9117276 2.3196900 -0.0109933
0.8320000 2.9168137 2.3211459 -0.0110063
0.8325000 2.9219068 2.3226043 -0.0110194
0.8330000 2.9270070 2.3240652 -0.0110325
0.8335000 2.9321143 2.3255287 -0.0110455
0.8340000 2.9372288 2.3269948 -0.0110586
0.8345000 2.9423504 2.3284634 -0.0110717
0.8350000 2.9474792 2.3299346 -0.0110848
0.8355000 2.9526151 2.3314083 -0.0110979
0.8360000 2.9577582 2.3328846 -0.0111111
0.8365000 2.9629085 2.3343635 -0.0111242
0.8370000 2.9680660 2.3358450 -0.0111373
0.8375000 2.9732308 2.3373290 -0.0111505
0.8380000 2.9784027 2.3388156 -0.0111636
0.8385000 2.9835820 2.3403048 -0.0111768
0.8390000 2.9887685 2.3417966 -0.0111899
0.8395000 2.9939622 2.3432910 -0.0112031
0.8400000 2.9991633 2.3447880 -0.0112163
0.8405000 3.0043716 2.3462875 -0.0112295
0.8410000 3.0095873 2.3477897 -0.0112427
0.8415000 3.0148103 2.3492945 -0.0112559
0.8420000 3.0200407 2.3508019 -0.0112691
0.8425000 3.0252784 2.3523119 -0.0112823
0.8430000 3.0305235 2.3538246 -0.0112956
0.8435000 3.0357760 2.3553398 -0.0113088
0.8440000 3.0410359 2.3568577 -0.0113220
0.8445000 3.0463032 2.3583783 -0.0113353
0.8450000 3.0515779 2.3599014 -0.0113486
0.8455000 3.0568601 2.3614272 -0.0113618
0.8460000 3.0621497 2.3629556 -0.0113751
0.8465000 3.0674468 2.3644867 -0.0113884
0.8470000 3.0727514 2.3660204 -0.0114017
0.8475000 3.0780635 2.3675568 -0.0114150
0.8480000 3.0833832 2.3690958 -0.0114283
0.8485000 3.0887103 2.3706375 -0.0114416
0.8490000 3.0940450 2.3721819 -0.0114549
0.8495000 3.0993872 2.3737289 -0.0114683
0.8500000 3.1047370 2.3752786 -0.0114816
0.8505000 3.1100944 2.3768310 -0.0114950
0.8510000 3.1154594 2.3783860 -0.0115083
0.8515000 3.1208321 2.3799437 -0.0115217
0.8520000 3.1262123 2.3815042 -0.0115351
0.8525000 3.1316002 2.3830673 -0.0115484
0.8530000 3.1369958 2.3846331 -0.0115618
0.8535000 3.1423990 2.3862016 -0.0115752
0.8540000 3.1478099 2.3877728 -0.0115886
0.8545000 3.1532285 2.3893467 -0.0116020
0.8550000 3.1586548 2.3909233 -0.0116155
0.8555000 3.1640889 2.3925026 -0.0116289
0.8560000 3.1695307 2.3940846 -0.0116423
0.8565000 3.1749803 2.3956694 -0.0116558
0.8570000 3.1804376 2.3972569 -0.0116692
0.8575000 3.1859027 2.3988471 -0.0116827
0.8580000 3.1913757 2.4004401 -0.0116962
0.8585000 3.1968564 2.4020358 -0.0117097
0.8590000 3.2023450 2.4036342 -0.0117231
0.8595000 3.2078415 2.4052354 -0.0117366
0.8600000 3.2133458 2.4068393 -0.0117501
0.8605000 3.2188580 2.4084460 -0.0117636
0.8610000 3.2243780 2.4100554 -0.0117772
0.8615000 3.2299060 2.4116676 -0.0117907
0.8620000 3.2354419 2.4132825 -0.0118042
0.8625000 3.2409858 2.4149002 -0.0118178
0.8630000 3.2465376 2.4165207 -0.0118313
0.8635000 3.2520973 2.4181440 -0.0118449
0.8640000 3.2576651 2.4197701 -0.0118584
0.8645000 3.2632408 2.4213989 -0.0118720
0.8650000 3.2688246 2.4230305 -0.0118856
0.8655000 3.2744164 2.4246649 -0.0118992
0.8660000 3.2800162 2.4263021 -0.0119128
0.8665000 3.2856241 2.4279421 -0.0119264
0.8670000 3.2912401 2.4295850 -0.0119400
0.8675000 3.2968642 2.4312306 -0.0119536
0.8680000 3.3024963 2.4328790 -0.0119673
0.8685000 3.3081366 2.4345303 -0.0119809
0.8690000 3.3137851 2.4361843 -0.0119946
0.8695000 3.3194416 2.4378412 -0.0120082
0.8700000 3.3251064 2.4395009 -0.0120219
0.8705000 3.3307793 2.4411635 -0.0120356
0.8710000 3.3364604 2.4428289 -0.0120492
0.8715000 3.3421498 2.4444971 -0.0120629
0.8720000 3.3478473 2.4461682 -0.0120766
0.8725000 3.3535532 2.4478421 -0.0120903
0.8730000 3.3592672 2.4495189 -0.0121040
0.8735000 3.3649896 2.4511985 -0.0121178
0.8740000 3.3707202 2.4528810 -0.0121315
0.8745000 3.3764592 2.4545664 -0.0121452
0.8750000 3.3822064 2.4562546 -0.0121590
0.8755000 3.3879620 2.4579457 -0.0121727
0.8760000 3.3937260 2.4596397 -0.0121865
0.8765000 3.3994983 2.4613365 -0.0122003
0.8770000 3.4052791 2.4630363 -0.0122141
0.8775000 3.4110682 2.4647389 -0.0122278
0.8780000 3.4168657 2.4664445 -0.0122416
0.8785000 3.4226717 2.4681529 -0.0122554
0.8790000 3.4284861 2.4698642 -0.0122693
0.8795000 3.4343090 2.4715785 -0.0122831
0.8800000 3.4401404 2.4732956 -0.0122969
0.8805000 3.4459803 2.4750157 -0.0123107
0.8810000 3.4518287 2.4767387 -0.0123246
0.8815000 3.4576856 2.4784646 -0.0123384
0.8820000 3.4635511 2.4801935 -0.0123523
0.8825000 3.4694251 2.4819252 -0.0123662
0.8830000 3.4753077 2.4836599 -0.0123800
0.8835000 3.4811989 2.4853976 -0.0123939
0.8840000 3.4870987 2.4871382 -0.0124078
0.8845000 3.4930071 2.4888817 -0.0124217
0.8850000 3.4989242 2.4906283 -0.0124356
0.8855000 3.5048500 2.4923777 -0.0124496
0.8860000 3.5107844 2.4941301 -0.0124635
0.8865000 3.5167275 2.4958855 -0.0124774
0.8870000 3.5226794 2.4976439 -0.0124914
0.8875000 3.5286399 2.4994052 -0.0125053
0.8880000 3.5346092 2.5011696 -0.0125193
0.8885000 3.5405873 2.5029369 -0.0125332
0.8890000 3.5465741 2.5047072 -0.0125472
0.8895000 3.5525697 2.5064804 -0.0125612
0.8900000 3.5585742 2.5082567 -0.0125752
0.8905000 3.5645874 2.5100360 -0.0125892
0.8910000 3.5706095 2.5118183 -0.0126032
0.8915000 3.5766405 2.5136036 -0.0126172
0.8920000 3.5826804 2.5153919 -0.0126312
0.8925000 3.5887291 2.5171833 -0.0126453
0.8930000 3.5947868 2.5189776 -0.0126593
0.8935000 3.6008533 2.5207750 -0.0126734
0.8940000 3.6069289 2.5225755 -0.0126874
0.8945000 3.6130133 2.5243789 -0.0127015
0.8950000 3.6191068 2.5261854 -0.0127156
0.8955000 3.6252093 2.5279950 -0.0127297
0.8960000 3.6313207 2.5298076 -0.0127438
0.8965000 3.6374412 2.5316232 -0.0127579
0.8970000 3.6435708 2.5334420 -0.0127720
0.8975000 3.6497094 2.5352637 -0.0127861
0.8980000 3.6558571 2.5370886 -0.0128002
0.8985000 3.6620139 2.5389165 -0.0128143
0.8990000 3.6681798 2.5407475 -0.0128285
0.8995000 3.6743548 2.5425816 -0.0128426
0.9000000 3.6805390 2.5444188 -0.0128568
0.9005000 3.6867324 2.5462591 -0.0128710
0.9010000 3.6929349 2.5481024 -0.0128851
0.9015000 3.6991467 2.5499489 -0.0128993
0.9020000 3.7053677 2.5517985 -0.0129135
0.9025000 3.7115979 2.5536512 -0.0129277
0.9030000 3.7178373 2.5555070 -0.0129419
0.9035000 3.7240861 2.5573659 -0.0129561
0.9040000 3.7303441 2.5592279 -0.0129704
0.9045000 3.7366114 2.5610931 -0.0129846
0.9050000 3.7428881 2.5629614 -0.0129988
0.9055000 3.7491741 2.5648328 -0.0130131
0.9060000 3.7554695 2.5667074 -0.0130274
0.9065000 3.7617742 2.5685852 -0.0130416
0.9070000 3.7680883 2.5704661 -0.0130559
0.9075000 3.7744119 2.5723501 -0.0130702
0.9080000 3.7807449 2.5742373 -0.0130845
0.9085000 3.7870873 2.5761277 -0.0130988
0.9090000 3.7934392 2.5780212 -0.0131131
0.9095000 3.7998006 2.5799179 -0.0131274
0.9100000 3.8061715 2.5818178 -0.0131417
0.9105000 3.8125520 2.5837209 -0.0131561
0.9110000 3.8189419 2.5856272 -0.0131704
0.9115000 3.8253415 2.5875367 -0.0131848
0.9120000 3.8317506 2.5894493 -0.0131991
0.9125000 3.8381693 2.5913652 -0.0132135
0.9130000 3.8445976 2.5932843 -0.0132279
0.9135000 3.8510355 2.5952066 -0.0132423
0.9140000 3.8574831 2.5971321 -0.0132567
0.9145000 3.8639404 2.5990609 -0.0132711
0.9150000 3.8704073 2.6009928 -0.0132855
0.9155000 3.8768840 2.6029280 -0.0132999
0.9160000 3.8833704 2.6048665 -0.0133143
0.9165000 3.8898665 2.6068082 -0.0133287
0.9170000 3.8963724 2.6087531 -0.0133432
0.9175000 3.9028881 2.6107013 -0.0133576
0.9180000 3.9094135 2.6126527 -0.0133721
0.9185000 3.9159488 2.6146074 -0.0133866
0.9190000 3.9224939 2.6165654 -0.0134011
0.9195000 3.9290489 2.6185267 -0.0134155
0.9200000 3.9356138 2.6204912 -0.0134300
0.9205000 3.9421885 2.6224590 -0.0134445
0.9210000 3.9487732 2.6244301 -0.0134591
0.9215000 3.9553677 2.6264045 -0.0134736
0.9220000 3.9619723 2.6283822 -0.0134881
0.9225000 3.9685868 2.6303631 -0.0135026
0.9230000 3.9752113 2.6323474 -0.0135172
0.9235000 3.9818457 2.6343350 -0.0135317
0.9240000 3.9884903 2.6363260 -0.0135463
0.9245000 3.9951448 2.6383202 -0.0135609
0.9250000 4.0018094 2.6403178 -0.0135755
0.9255000 4.0084842 2.6423187 -0.0135901
0.9260000 4.0151690 2.6443229 -0.0136047
0.9265000 4.0218639 2.6463305 -0.0136193
0.9270000 4.0285690 2.6483414 -0.0136339
0.9275000 4.0352842 2.6503557 -0.0136485
0.9280000 4.0420096 2.6523734 -0.0136631
0.9285000 4.0487452 2.6543944 -0.0136778
0.9290000 4.0554910 2.6564187 -0.0136924
0.9295000 4.0622471 2.6584465 -0.0137071
0.9300000 4.0690134 2.6604776 -0.0137217
0.9305000 4.0757900 2.6625121 -0.0137364
0.9310000 4.0825769 2.6645500 -0.0137511
0.9315000 4.0893741 2.6665913 -0.0137658
0.9320000 4.0961817 2.6686360 -0.0137805
0.9325000 4.1029996 2.6706841 -0.0137952
0.9330000 4.1098279 2.6727356 -0.0138099
0.9335000 4.1166665 2.6747905 -0.0138246
0.9340000 4.1235156 2.6768488 -0.0138394
0.9345000 4.1303751 2.6789106 -0.0138541
0.9350000 4.1372451 2.6809758 -0.0138689
0.9355000 4.1441256 2.6830444 -0.0138836
0.9360000 4.1510165 2.6851165 -0.0138984
0.9365000 4.1579180 2.6871920 -0.0139132
0.9370000 4.1648300 2.6892709 -0.0139280
0.9375000 4.1717525 2.6913533 -0.0139428
0.9380000 4.1786856 2.6934392 -0.0139576
0.9385000 4.1856293 2.6955286 -0.0139724
0.9390000 4.1925837 2.6976214 -0.0139872
0.9395000 4.1995486 2.6997177 -0.0140020
0.9400000 4.2065243 2.7018174 -0.0140169
0.9405000 4.2135106 2.7039207 -0.0140317
0.9410000 4.2205076 2.7060275 -0.0140466
0.9415000 4.2275153 2.7081377 -0.0140614
0.9420000 4.2345337 2.7102515 -0.0140763
0.9425000 4.2415629 2.7123687 -0.0140912
0.9430000 4.2486029 2.7144895 -0.0141061
0.9435000 4.2556537 2.7166138 -0.0141210
0.9440000 4.2627153 2.7187416 -0.0141359
0.9445000 4.2697878 2.7208730 -0.0141508
0.9450000 4.2768711 2.7230079 -0.0141657
0.9455000 4.2839653 2.7251463 -0.0141807
0.9460000 4.2910704 2.7272883 -0.0141956
0.9465000 4.2981864 2.7294339 -0.0142106
0.9470000 4.3053134 2.7315829 -0.0142255
0.9475000 4.3124513 2.7337356 -0.0142405
0.9480000 4.3196002 2.7358918 -0.0142555
0.9485000 4.3267602 2.7380516 -0.0142705
0.9490000 4.3339311 2.7402150 -0.0142854
0.9495000 4.3411131 2.7423820 -0.0143004
0.9500000 4.3483062 2.7445525 -0.0143155
0.9505000 4.3555104 2.7467267 -0.0143305
0.9510000 4.3627257 2.7489044 -0.0143455
0.9515000 4.3699521 2.7510858 -0.0143605
0.9520000 4.3771897 2.7532708 -0.0143756
0.9525000 4.3844384 2.7554594 -0.0143906
0.9530000 4.3916984 2.7576516 -0.0144057
0.9535000 4.3989695 2.7598474 -0.0144208
0.9540000 4.4062520 2.7620469 -0.0144359
0.9545000 4.4135456 2.7642501 -0.0144510
0.9550000 4.4208506 2.7664568 -0.0144661
0.9555000 4.4281669 2.7686673 -0.0144812
0.9560000 4.4354945 2.7708813 -0.0144963
0.9565000 4.4428334 2.7730991 -0.0145114
0.9570000 4.4501837 2.7753205 -0.0145265
0.9575000 4.4575455 2.7775456 -0.0145417
0.9580000 4.4649186 2.7797744 -0.0145568
0.9585000 4.4723032 2.7820068 -0.0145720
0.9590000 4.4796992 2.7842430 -0.0145872
0.9595000 4.4871067 2.7864828 -0.0146023
0.9600000 4.4945257 2.7887264 -0.0146175
0.9605000 4.5019562 2.7909736 -0.0146327
0.9610000 4.5093983 2.7932246 -0.0146479
0.9615000 4.5168520 2.7954793 -0.0146631
0.9620000 4.5243172 2.7977377 -0.0146784
0.9625000 4.5317941 2.7999999 -0.0146936
0.9630000 4.5392826 2.8022658 -0.0147088
0.9635000 4.5467828 2.8045354 -0.0147241
0.9640000 4.5542946 2.8068088 -0.0147393
0.9645000 4.5618181 2.8090860 -0.0147546
0.9650000 4.5693534 2.8113669 -0.0147699
0.9655000 4.5769004 2.8136516 -0.0147852
0.9660000 4.5844592 2.8159400 -0.0148005
0.9665000 4.5920298 2.8182322 -0.0148158
0.9670000 4.5996122 2.8205283 -0.0148311
0.9675000 4.6072064 2.8228281 -0.0148464
0.9680000 4.6148125 2.8251317 -0.0148617
0.9685000 4.6224305 2.8274391 -0.0148771
0.9690000 4.6300604 2.8297503 -0.0148924
0.9695000 4.6377022 2.8320653 -0.0149078
0.9700000 4.6453560 2.8343842 -0.0149231
0.9705000 4.6530218 2.8367069 -0.0149385
0.9710000 4.6606995 2.8390334 -0.0149539
0.9715000 4.6683893 2.8413637 -0.0149693
0.9720000 4.6760911 2.8436979 -0.0149847
0.9725000 4.6838050 2.8460360 -0.0150001
0.9730000 4.6915310 2.8483779 -0.0150155
0.9735000 4.6992691 2.8507236 -0.0150309
0.9740000 4.7070193 2.8530733 -0.0150463
0.9745000 4.7147817 2.8554268 -0.0150618
0.9750000 4.7225563 2.8577842 -0.0150772
0.9755000 4.7303431 2.8601454 -0.0150927
0.9760000 4.7381421 2.8625106 -0.0151082
0.9765000 4.7459534 2.8648797 -0.0151237
0.9770000 4.7537769 2.8672527 -0.0151391
0.9775000 4.7616128 2.8696295 -0.0151546
0.9780000 4.7694610 2.8720103 -0.0151701
0.9785000 4.7773215 2.8743951 -0.0151857
0.9790000 4.7851944 2.8767837 -0.0152012
0.9795000 4.7930797 2.8791763 -0.0152167
0.9800000 4.8009775 2.8815729 -0.0152323
0.9805000 4.8088876 2.8839734 -0.0152478
0.9810000 4.8168103 2.8863778 -0.0152634
0.9815000 4.8247454 2.8887862 -0.0152789
0.9820000 4.8326931 2.8911986 -0.0152945
0.9825000 4.8406533 2.8936149 -0.0153101
0.9830000 4.8486260 2.8960353 -0.0153257
0.9835000 4.8566114 2.8984596 -0.0153413
0.9840000 4.8646094 2.9008879 -0.0153569
0.9845000 4.8726200 2.9033202 -0.0153725
0.9850000 4.8806432 2.9057565 -0.0153882
0.9855000 4.8886792 2.9081968 -0.0154038
0.9860000 4.8967279 2.9106412 -0.0154195
0.9865000 4.9047893 2.9130895 -0.0154351
0.9870000 4.9128634 2.9155419 -0.0154508
0.9875000 4.9209504 2.9179983 -0.0154665
0.9880000 4.9290502 2.9204588 -0.0154821
0.9885000 4.9371628 2.9229233 -0.0154978
0.9890000 4.9452882 2.9253919 -0.0155135
0.9895000 4.9534266 2.9278646 -0.0155293
0.9900000 4.9615778 2.9303413 -0.0155450
0.9905000 4.9697420 2.9328221 -0.0155607
0.9910000 4.9779192 2.9353069 -0.0155765
0.9915000 4.9861093 2.9377959 -0.0155922
0.9920000 4.9943124 2.9402890 -0.0156080
0.9925000 5.0025286 2.9427861 -0.0156237
0.9930000 5.0107578 2.9452874 -0.0156395
0.9935000 5.0190002 2.9477928 -0.0156553
0.9940000 5.0272556 2.9503023 -0.0156711
0.9945000 5.0355242 2.9528159 -0.0156869
0.9950000 5.0438059 2.9553336 -0.0157027
0.9955000 5.0521008 2.9578555 -0.0157185
0.9960000 5.0604089 2.9603816 -0.0157343
0.9965000 5.0687303 2.9629118 -0.0157502
0.9970000 5.0770649 2.9654462 -0.0157660
0.9975000 5.0854128 2.9679847 -0.0157819
0.9980000 5.0937741 2.9705274 -0.0157978
0.9985000 5.1021486 2.9730743 -0.0158136
0.9990000 5.1105366 2.9756254 -0.0158295
0.9995000 5.1189379 2.9781806 -0.0158454
1.0000000 5.1273526 2.9807401 -0.0158613
